/*--------------------------------*- C++ -*----------------------------------*\
  =========                 |
  \\      /  F ield         | OpenFOAM: The Open Source CFD Toolbox
   \\    /   O peration     | Website:  https://openfoam.org
    \\  /    A nd           | Version:  8
     \\/     M anipulation  |
\*---------------------------------------------------------------------------*/
FoamFile
{
    version     2.0;
    format      ascii;
    class       vectorField;
    location    "constant/polyMesh";
    object      points;
}
// * * * * * * * * * * * * * * * * * * * * * * * * * * * * * * * * * * * * * //


8004
(
(-1000 0 0)
(-999 0 0)
(-998 0 0)
(-997 0 0)
(-996 0 0)
(-995 0 0)
(-994 0 0)
(-993 0 0)
(-992 0 0)
(-991 0 0)
(-990 0 0)
(-989 0 0)
(-988 0 0)
(-987 0 0)
(-986 0 0)
(-985 0 0)
(-984 0 0)
(-983 0 0)
(-982 0 0)
(-981 0 0)
(-980 0 0)
(-979 0 0)
(-978 0 0)
(-977 0 0)
(-976 0 0)
(-975 0 0)
(-974 0 0)
(-973 0 0)
(-972 0 0)
(-971 0 0)
(-970 0 0)
(-969 0 0)
(-968 0 0)
(-967 0 0)
(-966 0 0)
(-965 0 0)
(-964 0 0)
(-963 0 0)
(-962 0 0)
(-961 0 0)
(-960 0 0)
(-959 0 0)
(-958 0 0)
(-957 0 0)
(-956 0 0)
(-955 0 0)
(-954 0 0)
(-953 0 0)
(-952 0 0)
(-951 0 0)
(-950 0 0)
(-949 0 0)
(-948 0 0)
(-947 0 0)
(-946 0 0)
(-945 0 0)
(-944 0 0)
(-943 0 0)
(-942 0 0)
(-941 0 0)
(-940 0 0)
(-939 0 0)
(-938 0 0)
(-937 0 0)
(-936 0 0)
(-935 0 0)
(-934 0 0)
(-933 0 0)
(-932 0 0)
(-931 0 0)
(-930 0 0)
(-929 0 0)
(-928 0 0)
(-927 0 0)
(-926 0 0)
(-925 0 0)
(-924 0 0)
(-923 0 0)
(-922 0 0)
(-921 0 0)
(-920 0 0)
(-919 0 0)
(-918 0 0)
(-917 0 0)
(-916 0 0)
(-915 0 0)
(-914 0 0)
(-913 0 0)
(-912 0 0)
(-911 0 0)
(-910 0 0)
(-909 0 0)
(-908 0 0)
(-907 0 0)
(-906 0 0)
(-905 0 0)
(-904 0 0)
(-903 0 0)
(-902 0 0)
(-901 0 0)
(-900 0 0)
(-899 0 0)
(-898 0 0)
(-897 0 0)
(-896 0 0)
(-895 0 0)
(-894 0 0)
(-893 0 0)
(-892 0 0)
(-891 0 0)
(-890 0 0)
(-889 0 0)
(-888 0 0)
(-887 0 0)
(-886 0 0)
(-885 0 0)
(-884 0 0)
(-883 0 0)
(-882 0 0)
(-881 0 0)
(-880 0 0)
(-879 0 0)
(-878 0 0)
(-877 0 0)
(-876 0 0)
(-875 0 0)
(-874 0 0)
(-873 0 0)
(-872 0 0)
(-871 0 0)
(-870 0 0)
(-869 0 0)
(-868 0 0)
(-867 0 0)
(-866 0 0)
(-865 0 0)
(-864 0 0)
(-863 0 0)
(-862 0 0)
(-861 0 0)
(-860 0 0)
(-859 0 0)
(-858 0 0)
(-857 0 0)
(-856 0 0)
(-855 0 0)
(-854 0 0)
(-853 0 0)
(-852 0 0)
(-851 0 0)
(-850 0 0)
(-849 0 0)
(-848 0 0)
(-847 0 0)
(-846 0 0)
(-845 0 0)
(-844 0 0)
(-843 0 0)
(-842 0 0)
(-841 0 0)
(-840 0 0)
(-839 0 0)
(-838 0 0)
(-837 0 0)
(-836 0 0)
(-835 0 0)
(-834 0 0)
(-833 0 0)
(-832 0 0)
(-831 0 0)
(-830 0 0)
(-829 0 0)
(-828 0 0)
(-827 0 0)
(-826 0 0)
(-825 0 0)
(-824 0 0)
(-823 0 0)
(-822 0 0)
(-821 0 0)
(-820 0 0)
(-819 0 0)
(-818 0 0)
(-817 0 0)
(-816 0 0)
(-815 0 0)
(-814 0 0)
(-813 0 0)
(-812 0 0)
(-811 0 0)
(-810 0 0)
(-809 0 0)
(-808 0 0)
(-807 0 0)
(-806 0 0)
(-805 0 0)
(-804 0 0)
(-803 0 0)
(-802 0 0)
(-801 0 0)
(-800 0 0)
(-799 0 0)
(-798 0 0)
(-797 0 0)
(-796 0 0)
(-795 0 0)
(-794 0 0)
(-793 0 0)
(-792 0 0)
(-791 0 0)
(-790 0 0)
(-789 0 0)
(-788 0 0)
(-787 0 0)
(-786 0 0)
(-785 0 0)
(-784 0 0)
(-783 0 0)
(-782 0 0)
(-781 0 0)
(-780 0 0)
(-779 0 0)
(-778 0 0)
(-777 0 0)
(-776 0 0)
(-775 0 0)
(-774 0 0)
(-773 0 0)
(-772 0 0)
(-771 0 0)
(-770 0 0)
(-769 0 0)
(-768 0 0)
(-767 0 0)
(-766 0 0)
(-765 0 0)
(-764 0 0)
(-763 0 0)
(-762 0 0)
(-761 0 0)
(-760 0 0)
(-759 0 0)
(-758 0 0)
(-757 0 0)
(-756 0 0)
(-755 0 0)
(-754 0 0)
(-753 0 0)
(-752 0 0)
(-751 0 0)
(-750 0 0)
(-749 0 0)
(-748 0 0)
(-747 0 0)
(-746 0 0)
(-745 0 0)
(-744 0 0)
(-743 0 0)
(-742 0 0)
(-741 0 0)
(-740 0 0)
(-739 0 0)
(-738 0 0)
(-737 0 0)
(-736 0 0)
(-735 0 0)
(-734 0 0)
(-733 0 0)
(-732 0 0)
(-731 0 0)
(-730 0 0)
(-729 0 0)
(-728 0 0)
(-727 0 0)
(-726 0 0)
(-725 0 0)
(-724 0 0)
(-723 0 0)
(-722 0 0)
(-721 0 0)
(-720 0 0)
(-719 0 0)
(-718 0 0)
(-717 0 0)
(-716 0 0)
(-715 0 0)
(-714 0 0)
(-713 0 0)
(-712 0 0)
(-711 0 0)
(-710 0 0)
(-709 0 0)
(-708 0 0)
(-707 0 0)
(-706 0 0)
(-705 0 0)
(-704 0 0)
(-703 0 0)
(-702 0 0)
(-701 0 0)
(-700 0 0)
(-699 0 0)
(-698 0 0)
(-697 0 0)
(-696 0 0)
(-695 0 0)
(-694 0 0)
(-693 0 0)
(-692 0 0)
(-691 0 0)
(-690 0 0)
(-689 0 0)
(-688 0 0)
(-687 0 0)
(-686 0 0)
(-685 0 0)
(-684 0 0)
(-683 0 0)
(-682 0 0)
(-681 0 0)
(-680 0 0)
(-679 0 0)
(-678 0 0)
(-677 0 0)
(-676 0 0)
(-675 0 0)
(-674 0 0)
(-673 0 0)
(-672 0 0)
(-671 0 0)
(-670 0 0)
(-669 0 0)
(-668 0 0)
(-667 0 0)
(-666 0 0)
(-665 0 0)
(-664 0 0)
(-663 0 0)
(-662 0 0)
(-661 0 0)
(-660 0 0)
(-659 0 0)
(-658 0 0)
(-657 0 0)
(-656 0 0)
(-655 0 0)
(-654 0 0)
(-653 0 0)
(-652 0 0)
(-651 0 0)
(-650 0 0)
(-649 0 0)
(-648 0 0)
(-647 0 0)
(-646 0 0)
(-645 0 0)
(-644 0 0)
(-643 0 0)
(-642 0 0)
(-641 0 0)
(-640 0 0)
(-639 0 0)
(-638 0 0)
(-637 0 0)
(-636 0 0)
(-635 0 0)
(-634 0 0)
(-633 0 0)
(-632 0 0)
(-631 0 0)
(-630 0 0)
(-629 0 0)
(-628 0 0)
(-627 0 0)
(-626 0 0)
(-625 0 0)
(-624 0 0)
(-623 0 0)
(-622 0 0)
(-621 0 0)
(-620 0 0)
(-619 0 0)
(-618 0 0)
(-617 0 0)
(-616 0 0)
(-615 0 0)
(-614 0 0)
(-613 0 0)
(-612 0 0)
(-611 0 0)
(-610 0 0)
(-609 0 0)
(-608 0 0)
(-607 0 0)
(-606 0 0)
(-605 0 0)
(-604 0 0)
(-603 0 0)
(-602 0 0)
(-601 0 0)
(-600 0 0)
(-599 0 0)
(-598 0 0)
(-597 0 0)
(-596 0 0)
(-595 0 0)
(-594 0 0)
(-593 0 0)
(-592 0 0)
(-591 0 0)
(-590 0 0)
(-589 0 0)
(-588 0 0)
(-587 0 0)
(-586 0 0)
(-585 0 0)
(-584 0 0)
(-583 0 0)
(-582 0 0)
(-581 0 0)
(-580 0 0)
(-579 0 0)
(-578 0 0)
(-577 0 0)
(-576 0 0)
(-575 0 0)
(-574 0 0)
(-573 0 0)
(-572 0 0)
(-571 0 0)
(-570 0 0)
(-569 0 0)
(-568 0 0)
(-567 0 0)
(-566 0 0)
(-565 0 0)
(-564 0 0)
(-563 0 0)
(-562 0 0)
(-561 0 0)
(-560 0 0)
(-559 0 0)
(-558 0 0)
(-557 0 0)
(-556 0 0)
(-555 0 0)
(-554 0 0)
(-553 0 0)
(-552 0 0)
(-551 0 0)
(-550 0 0)
(-549 0 0)
(-548 0 0)
(-547 0 0)
(-546 0 0)
(-545 0 0)
(-544 0 0)
(-543 0 0)
(-542 0 0)
(-541 0 0)
(-540 0 0)
(-539 0 0)
(-538 0 0)
(-537 0 0)
(-536 0 0)
(-535 0 0)
(-534 0 0)
(-533 0 0)
(-532 0 0)
(-531 0 0)
(-530 0 0)
(-529 0 0)
(-528 0 0)
(-527 0 0)
(-526 0 0)
(-525 0 0)
(-524 0 0)
(-523 0 0)
(-522 0 0)
(-521 0 0)
(-520 0 0)
(-519 0 0)
(-518 0 0)
(-517 0 0)
(-516 0 0)
(-515 0 0)
(-514 0 0)
(-513 0 0)
(-512 0 0)
(-511 0 0)
(-510 0 0)
(-509 0 0)
(-508 0 0)
(-507 0 0)
(-506 0 0)
(-505 0 0)
(-504 0 0)
(-503 0 0)
(-502 0 0)
(-501 0 0)
(-500 0 0)
(-499 0 0)
(-498 0 0)
(-497 0 0)
(-496 0 0)
(-495 0 0)
(-494 0 0)
(-493 0 0)
(-492 0 0)
(-491 0 0)
(-490 0 0)
(-489 0 0)
(-488 0 0)
(-487 0 0)
(-486 0 0)
(-485 0 0)
(-484 0 0)
(-483 0 0)
(-482 0 0)
(-481 0 0)
(-480 0 0)
(-479 0 0)
(-478 0 0)
(-477 0 0)
(-476 0 0)
(-475 0 0)
(-474 0 0)
(-473 0 0)
(-472 0 0)
(-471 0 0)
(-470 0 0)
(-469 0 0)
(-468 0 0)
(-467 0 0)
(-466 0 0)
(-465 0 0)
(-464 0 0)
(-463 0 0)
(-462 0 0)
(-461 0 0)
(-460 0 0)
(-459 0 0)
(-458 0 0)
(-457 0 0)
(-456 0 0)
(-455 0 0)
(-454 0 0)
(-453 0 0)
(-452 0 0)
(-451 0 0)
(-450 0 0)
(-449 0 0)
(-448 0 0)
(-447 0 0)
(-446 0 0)
(-445 0 0)
(-444 0 0)
(-443 0 0)
(-442 0 0)
(-441 0 0)
(-440 0 0)
(-439 0 0)
(-438 0 0)
(-437 0 0)
(-436 0 0)
(-435 0 0)
(-434 0 0)
(-433 0 0)
(-432 0 0)
(-431 0 0)
(-430 0 0)
(-429 0 0)
(-428 0 0)
(-427 0 0)
(-426 0 0)
(-425 0 0)
(-424 0 0)
(-423 0 0)
(-422 0 0)
(-421 0 0)
(-420 0 0)
(-419 0 0)
(-418 0 0)
(-417 0 0)
(-416 0 0)
(-415 0 0)
(-414 0 0)
(-413 0 0)
(-412 0 0)
(-411 0 0)
(-410 0 0)
(-409 0 0)
(-408 0 0)
(-407 0 0)
(-406 0 0)
(-405 0 0)
(-404 0 0)
(-403 0 0)
(-402 0 0)
(-401 0 0)
(-400 0 0)
(-399 0 0)
(-398 0 0)
(-397 0 0)
(-396 0 0)
(-395 0 0)
(-394 0 0)
(-393 0 0)
(-392 0 0)
(-391 0 0)
(-390 0 0)
(-389 0 0)
(-388 0 0)
(-387 0 0)
(-386 0 0)
(-385 0 0)
(-384 0 0)
(-383 0 0)
(-382 0 0)
(-381 0 0)
(-380 0 0)
(-379 0 0)
(-378 0 0)
(-377 0 0)
(-376 0 0)
(-375 0 0)
(-374 0 0)
(-373 0 0)
(-372 0 0)
(-371 0 0)
(-370 0 0)
(-369 0 0)
(-368 0 0)
(-367 0 0)
(-366 0 0)
(-365 0 0)
(-364 0 0)
(-363 0 0)
(-362 0 0)
(-361 0 0)
(-360 0 0)
(-359 0 0)
(-358 0 0)
(-357 0 0)
(-356 0 0)
(-355 0 0)
(-354 0 0)
(-353 0 0)
(-352 0 0)
(-351 0 0)
(-350 0 0)
(-349 0 0)
(-348 0 0)
(-347 0 0)
(-346 0 0)
(-345 0 0)
(-344 0 0)
(-343 0 0)
(-342 0 0)
(-341 0 0)
(-340 0 0)
(-339 0 0)
(-338 0 0)
(-337 0 0)
(-336 0 0)
(-335 0 0)
(-334 0 0)
(-333 0 0)
(-332 0 0)
(-331 0 0)
(-330 0 0)
(-329 0 0)
(-328 0 0)
(-327 0 0)
(-326 0 0)
(-325 0 0)
(-324 0 0)
(-323 0 0)
(-322 0 0)
(-321 0 0)
(-320 0 0)
(-319 0 0)
(-318 0 0)
(-317 0 0)
(-316 0 0)
(-315 0 0)
(-314 0 0)
(-313 0 0)
(-312 0 0)
(-311 0 0)
(-310 0 0)
(-309 0 0)
(-308 0 0)
(-307 0 0)
(-306 0 0)
(-305 0 0)
(-304 0 0)
(-303 0 0)
(-302 0 0)
(-301 0 0)
(-300 0 0)
(-299 0 0)
(-298 0 0)
(-297 0 0)
(-296 0 0)
(-295 0 0)
(-294 0 0)
(-293 0 0)
(-292 0 0)
(-291 0 0)
(-290 0 0)
(-289 0 0)
(-288 0 0)
(-287 0 0)
(-286 0 0)
(-285 0 0)
(-284 0 0)
(-283 0 0)
(-282 0 0)
(-281 0 0)
(-280 0 0)
(-279 0 0)
(-278 0 0)
(-277 0 0)
(-276 0 0)
(-275 0 0)
(-274 0 0)
(-273 0 0)
(-272 0 0)
(-271 0 0)
(-270 0 0)
(-269 0 0)
(-268 0 0)
(-267 0 0)
(-266 0 0)
(-265 0 0)
(-264 0 0)
(-263 0 0)
(-262 0 0)
(-261 0 0)
(-260 0 0)
(-259 0 0)
(-258 0 0)
(-257 0 0)
(-256 0 0)
(-255 0 0)
(-254 0 0)
(-253 0 0)
(-252 0 0)
(-251 0 0)
(-250 0 0)
(-249 0 0)
(-248 0 0)
(-247 0 0)
(-246 0 0)
(-245 0 0)
(-244 0 0)
(-243 0 0)
(-242 0 0)
(-241 0 0)
(-240 0 0)
(-239 0 0)
(-238 0 0)
(-237 0 0)
(-236 0 0)
(-235 0 0)
(-234 0 0)
(-233 0 0)
(-232 0 0)
(-231 0 0)
(-230 0 0)
(-229 0 0)
(-228 0 0)
(-227 0 0)
(-226 0 0)
(-225 0 0)
(-224 0 0)
(-223 0 0)
(-222 0 0)
(-221 0 0)
(-220 0 0)
(-219 0 0)
(-218 0 0)
(-217 0 0)
(-216 0 0)
(-215 0 0)
(-214 0 0)
(-213 0 0)
(-212 0 0)
(-211 0 0)
(-210 0 0)
(-209 0 0)
(-208 0 0)
(-207 0 0)
(-206 0 0)
(-205 0 0)
(-204 0 0)
(-203 0 0)
(-202 0 0)
(-201 0 0)
(-200 0 0)
(-199 0 0)
(-198 0 0)
(-197 0 0)
(-196 0 0)
(-195 0 0)
(-194 0 0)
(-193 0 0)
(-192 0 0)
(-191 0 0)
(-190 0 0)
(-189 0 0)
(-188 0 0)
(-187 0 0)
(-186 0 0)
(-185 0 0)
(-184 0 0)
(-183 0 0)
(-182 0 0)
(-181 0 0)
(-180 0 0)
(-179 0 0)
(-178 0 0)
(-177 0 0)
(-176 0 0)
(-175 0 0)
(-174 0 0)
(-173 0 0)
(-172 0 0)
(-171 0 0)
(-170 0 0)
(-169 0 0)
(-168 0 0)
(-167 0 0)
(-166 0 0)
(-165 0 0)
(-164 0 0)
(-163 0 0)
(-162 0 0)
(-161 0 0)
(-160 0 0)
(-159 0 0)
(-158 0 0)
(-157 0 0)
(-156 0 0)
(-155 0 0)
(-154 0 0)
(-153 0 0)
(-152 0 0)
(-151 0 0)
(-150 0 0)
(-149 0 0)
(-148 0 0)
(-147 0 0)
(-146 0 0)
(-145 0 0)
(-144 0 0)
(-143 0 0)
(-142 0 0)
(-141 0 0)
(-140 0 0)
(-139 0 0)
(-138 0 0)
(-137 0 0)
(-136 0 0)
(-135 0 0)
(-134 0 0)
(-133 0 0)
(-132 0 0)
(-131 0 0)
(-130 0 0)
(-129 0 0)
(-128 0 0)
(-127 0 0)
(-126 0 0)
(-125 0 0)
(-124 0 0)
(-123 0 0)
(-122 0 0)
(-121 0 0)
(-120 0 0)
(-119 0 0)
(-118 0 0)
(-117 0 0)
(-116 0 0)
(-115 0 0)
(-114 0 0)
(-113 0 0)
(-112 0 0)
(-111 0 0)
(-110 0 0)
(-109 0 0)
(-108 0 0)
(-107 0 0)
(-106 0 0)
(-105 0 0)
(-104 0 0)
(-103 0 0)
(-102 0 0)
(-101 0 0)
(-100 0 0)
(-99 0 0)
(-98 0 0)
(-97 0 0)
(-96 0 0)
(-95 0 0)
(-94 0 0)
(-93 0 0)
(-92 0 0)
(-91 0 0)
(-90 0 0)
(-89 0 0)
(-88 0 0)
(-87 0 0)
(-86 0 0)
(-85 0 0)
(-84 0 0)
(-83 0 0)
(-82 0 0)
(-81 0 0)
(-80 0 0)
(-79 0 0)
(-78 0 0)
(-77 0 0)
(-76 0 0)
(-75 0 0)
(-74 0 0)
(-73 0 0)
(-72 0 0)
(-71 0 0)
(-70 0 0)
(-69 0 0)
(-68 0 0)
(-67 0 0)
(-66 0 0)
(-65 0 0)
(-64 0 0)
(-63 0 0)
(-62 0 0)
(-61 0 0)
(-60 0 0)
(-59 0 0)
(-58 0 0)
(-57 0 0)
(-56 0 0)
(-55 0 0)
(-54 0 0)
(-53 0 0)
(-52 0 0)
(-51 0 0)
(-50 0 0)
(-49 0 0)
(-48 0 0)
(-47 0 0)
(-46 0 0)
(-45 0 0)
(-44 0 0)
(-43 0 0)
(-42 0 0)
(-41 0 0)
(-40 0 0)
(-39 0 0)
(-38 0 0)
(-37 0 0)
(-36 0 0)
(-35 0 0)
(-34 0 0)
(-33 0 0)
(-32 0 0)
(-31 0 0)
(-30 0 0)
(-29 0 0)
(-28 0 0)
(-27 0 0)
(-26 0 0)
(-25 0 0)
(-24 0 0)
(-23 0 0)
(-22 0 0)
(-21 0 0)
(-20 0 0)
(-19 0 0)
(-18 0 0)
(-17 0 0)
(-16 0 0)
(-15 0 0)
(-14 0 0)
(-13 0 0)
(-12 0 0)
(-11 0 0)
(-10 0 0)
(-9 0 0)
(-8 0 0)
(-7 0 0)
(-6 0 0)
(-5 0 0)
(-4 0 0)
(-3 0 0)
(-2 0 0)
(-1 0 0)
(0 0 0)
(1 0 0)
(2 0 0)
(3 0 0)
(4 0 0)
(5 0 0)
(6 0 0)
(7 0 0)
(8 0 0)
(9 0 0)
(10 0 0)
(11 0 0)
(12 0 0)
(13 0 0)
(14 0 0)
(15 0 0)
(16 0 0)
(17 0 0)
(18 0 0)
(19 0 0)
(20 0 0)
(21 0 0)
(22 0 0)
(23 0 0)
(24 0 0)
(25 0 0)
(26 0 0)
(27 0 0)
(28 0 0)
(29 0 0)
(30 0 0)
(31 0 0)
(32 0 0)
(33 0 0)
(34 0 0)
(35 0 0)
(36 0 0)
(37 0 0)
(38 0 0)
(39 0 0)
(40 0 0)
(41 0 0)
(42 0 0)
(43 0 0)
(44 0 0)
(45 0 0)
(46 0 0)
(47 0 0)
(48 0 0)
(49 0 0)
(50 0 0)
(51 0 0)
(52 0 0)
(53 0 0)
(54 0 0)
(55 0 0)
(56 0 0)
(57 0 0)
(58 0 0)
(59 0 0)
(60 0 0)
(61 0 0)
(62 0 0)
(63 0 0)
(64 0 0)
(65 0 0)
(66 0 0)
(67 0 0)
(68 0 0)
(69 0 0)
(70 0 0)
(71 0 0)
(72 0 0)
(73 0 0)
(74 0 0)
(75 0 0)
(76 0 0)
(77 0 0)
(78 0 0)
(79 0 0)
(80 0 0)
(81 0 0)
(82 0 0)
(83 0 0)
(84 0 0)
(85 0 0)
(86 0 0)
(87 0 0)
(88 0 0)
(89 0 0)
(90 0 0)
(91 0 0)
(92 0 0)
(93 0 0)
(94 0 0)
(95 0 0)
(96 0 0)
(97 0 0)
(98 0 0)
(99 0 0)
(100 0 0)
(101 0 0)
(102 0 0)
(103 0 0)
(104 0 0)
(105 0 0)
(106 0 0)
(107 0 0)
(108 0 0)
(109 0 0)
(110 0 0)
(111 0 0)
(112 0 0)
(113 0 0)
(114 0 0)
(115 0 0)
(116 0 0)
(117 0 0)
(118 0 0)
(119 0 0)
(120 0 0)
(121 0 0)
(122 0 0)
(123 0 0)
(124 0 0)
(125 0 0)
(126 0 0)
(127 0 0)
(128 0 0)
(129 0 0)
(130 0 0)
(131 0 0)
(132 0 0)
(133 0 0)
(134 0 0)
(135 0 0)
(136 0 0)
(137 0 0)
(138 0 0)
(139 0 0)
(140 0 0)
(141 0 0)
(142 0 0)
(143 0 0)
(144 0 0)
(145 0 0)
(146 0 0)
(147 0 0)
(148 0 0)
(149 0 0)
(150 0 0)
(151 0 0)
(152 0 0)
(153 0 0)
(154 0 0)
(155 0 0)
(156 0 0)
(157 0 0)
(158 0 0)
(159 0 0)
(160 0 0)
(161 0 0)
(162 0 0)
(163 0 0)
(164 0 0)
(165 0 0)
(166 0 0)
(167 0 0)
(168 0 0)
(169 0 0)
(170 0 0)
(171 0 0)
(172 0 0)
(173 0 0)
(174 0 0)
(175 0 0)
(176 0 0)
(177 0 0)
(178 0 0)
(179 0 0)
(180 0 0)
(181 0 0)
(182 0 0)
(183 0 0)
(184 0 0)
(185 0 0)
(186 0 0)
(187 0 0)
(188 0 0)
(189 0 0)
(190 0 0)
(191 0 0)
(192 0 0)
(193 0 0)
(194 0 0)
(195 0 0)
(196 0 0)
(197 0 0)
(198 0 0)
(199 0 0)
(200 0 0)
(201 0 0)
(202 0 0)
(203 0 0)
(204 0 0)
(205 0 0)
(206 0 0)
(207 0 0)
(208 0 0)
(209 0 0)
(210 0 0)
(211 0 0)
(212 0 0)
(213 0 0)
(214 0 0)
(215 0 0)
(216 0 0)
(217 0 0)
(218 0 0)
(219 0 0)
(220 0 0)
(221 0 0)
(222 0 0)
(223 0 0)
(224 0 0)
(225 0 0)
(226 0 0)
(227 0 0)
(228 0 0)
(229 0 0)
(230 0 0)
(231 0 0)
(232 0 0)
(233 0 0)
(234 0 0)
(235 0 0)
(236 0 0)
(237 0 0)
(238 0 0)
(239 0 0)
(240 0 0)
(241 0 0)
(242 0 0)
(243 0 0)
(244 0 0)
(245 0 0)
(246 0 0)
(247 0 0)
(248 0 0)
(249 0 0)
(250 0 0)
(251 0 0)
(252 0 0)
(253 0 0)
(254 0 0)
(255 0 0)
(256 0 0)
(257 0 0)
(258 0 0)
(259 0 0)
(260 0 0)
(261 0 0)
(262 0 0)
(263 0 0)
(264 0 0)
(265 0 0)
(266 0 0)
(267 0 0)
(268 0 0)
(269 0 0)
(270 0 0)
(271 0 0)
(272 0 0)
(273 0 0)
(274 0 0)
(275 0 0)
(276 0 0)
(277 0 0)
(278 0 0)
(279 0 0)
(280 0 0)
(281 0 0)
(282 0 0)
(283 0 0)
(284 0 0)
(285 0 0)
(286 0 0)
(287 0 0)
(288 0 0)
(289 0 0)
(290 0 0)
(291 0 0)
(292 0 0)
(293 0 0)
(294 0 0)
(295 0 0)
(296 0 0)
(297 0 0)
(298 0 0)
(299 0 0)
(300 0 0)
(301 0 0)
(302 0 0)
(303 0 0)
(304 0 0)
(305 0 0)
(306 0 0)
(307 0 0)
(308 0 0)
(309 0 0)
(310 0 0)
(311 0 0)
(312 0 0)
(313 0 0)
(314 0 0)
(315 0 0)
(316 0 0)
(317 0 0)
(318 0 0)
(319 0 0)
(320 0 0)
(321 0 0)
(322 0 0)
(323 0 0)
(324 0 0)
(325 0 0)
(326 0 0)
(327 0 0)
(328 0 0)
(329 0 0)
(330 0 0)
(331 0 0)
(332 0 0)
(333 0 0)
(334 0 0)
(335 0 0)
(336 0 0)
(337 0 0)
(338 0 0)
(339 0 0)
(340 0 0)
(341 0 0)
(342 0 0)
(343 0 0)
(344 0 0)
(345 0 0)
(346 0 0)
(347 0 0)
(348 0 0)
(349 0 0)
(350 0 0)
(351 0 0)
(352 0 0)
(353 0 0)
(354 0 0)
(355 0 0)
(356 0 0)
(357 0 0)
(358 0 0)
(359 0 0)
(360 0 0)
(361 0 0)
(362 0 0)
(363 0 0)
(364 0 0)
(365 0 0)
(366 0 0)
(367 0 0)
(368 0 0)
(369 0 0)
(370 0 0)
(371 0 0)
(372 0 0)
(373 0 0)
(374 0 0)
(375 0 0)
(376 0 0)
(377 0 0)
(378 0 0)
(379 0 0)
(380 0 0)
(381 0 0)
(382 0 0)
(383 0 0)
(384 0 0)
(385 0 0)
(386 0 0)
(387 0 0)
(388 0 0)
(389 0 0)
(390 0 0)
(391 0 0)
(392 0 0)
(393 0 0)
(394 0 0)
(395 0 0)
(396 0 0)
(397 0 0)
(398 0 0)
(399 0 0)
(400 0 0)
(401 0 0)
(402 0 0)
(403 0 0)
(404 0 0)
(405 0 0)
(406 0 0)
(407 0 0)
(408 0 0)
(409 0 0)
(410 0 0)
(411 0 0)
(412 0 0)
(413 0 0)
(414 0 0)
(415 0 0)
(416 0 0)
(417 0 0)
(418 0 0)
(419 0 0)
(420 0 0)
(421 0 0)
(422 0 0)
(423 0 0)
(424 0 0)
(425 0 0)
(426 0 0)
(427 0 0)
(428 0 0)
(429 0 0)
(430 0 0)
(431 0 0)
(432 0 0)
(433 0 0)
(434 0 0)
(435 0 0)
(436 0 0)
(437 0 0)
(438 0 0)
(439 0 0)
(440 0 0)
(441 0 0)
(442 0 0)
(443 0 0)
(444 0 0)
(445 0 0)
(446 0 0)
(447 0 0)
(448 0 0)
(449 0 0)
(450 0 0)
(451 0 0)
(452 0 0)
(453 0 0)
(454 0 0)
(455 0 0)
(456 0 0)
(457 0 0)
(458 0 0)
(459 0 0)
(460 0 0)
(461 0 0)
(462 0 0)
(463 0 0)
(464 0 0)
(465 0 0)
(466 0 0)
(467 0 0)
(468 0 0)
(469 0 0)
(470 0 0)
(471 0 0)
(472 0 0)
(473 0 0)
(474 0 0)
(475 0 0)
(476 0 0)
(477 0 0)
(478 0 0)
(479 0 0)
(480 0 0)
(481 0 0)
(482 0 0)
(483 0 0)
(484 0 0)
(485 0 0)
(486 0 0)
(487 0 0)
(488 0 0)
(489 0 0)
(490 0 0)
(491 0 0)
(492 0 0)
(493 0 0)
(494 0 0)
(495 0 0)
(496 0 0)
(497 0 0)
(498 0 0)
(499 0 0)
(500 0 0)
(501 0 0)
(502 0 0)
(503 0 0)
(504 0 0)
(505 0 0)
(506 0 0)
(507 0 0)
(508 0 0)
(509 0 0)
(510 0 0)
(511 0 0)
(512 0 0)
(513 0 0)
(514 0 0)
(515 0 0)
(516 0 0)
(517 0 0)
(518 0 0)
(519 0 0)
(520 0 0)
(521 0 0)
(522 0 0)
(523 0 0)
(524 0 0)
(525 0 0)
(526 0 0)
(527 0 0)
(528 0 0)
(529 0 0)
(530 0 0)
(531 0 0)
(532 0 0)
(533 0 0)
(534 0 0)
(535 0 0)
(536 0 0)
(537 0 0)
(538 0 0)
(539 0 0)
(540 0 0)
(541 0 0)
(542 0 0)
(543 0 0)
(544 0 0)
(545 0 0)
(546 0 0)
(547 0 0)
(548 0 0)
(549 0 0)
(550 0 0)
(551 0 0)
(552 0 0)
(553 0 0)
(554 0 0)
(555 0 0)
(556 0 0)
(557 0 0)
(558 0 0)
(559 0 0)
(560 0 0)
(561 0 0)
(562 0 0)
(563 0 0)
(564 0 0)
(565 0 0)
(566 0 0)
(567 0 0)
(568 0 0)
(569 0 0)
(570 0 0)
(571 0 0)
(572 0 0)
(573 0 0)
(574 0 0)
(575 0 0)
(576 0 0)
(577 0 0)
(578 0 0)
(579 0 0)
(580 0 0)
(581 0 0)
(582 0 0)
(583 0 0)
(584 0 0)
(585 0 0)
(586 0 0)
(587 0 0)
(588 0 0)
(589 0 0)
(590 0 0)
(591 0 0)
(592 0 0)
(593 0 0)
(594 0 0)
(595 0 0)
(596 0 0)
(597 0 0)
(598 0 0)
(599 0 0)
(600 0 0)
(601 0 0)
(602 0 0)
(603 0 0)
(604 0 0)
(605 0 0)
(606 0 0)
(607 0 0)
(608 0 0)
(609 0 0)
(610 0 0)
(611 0 0)
(612 0 0)
(613 0 0)
(614 0 0)
(615 0 0)
(616 0 0)
(617 0 0)
(618 0 0)
(619 0 0)
(620 0 0)
(621 0 0)
(622 0 0)
(623 0 0)
(624 0 0)
(625 0 0)
(626 0 0)
(627 0 0)
(628 0 0)
(629 0 0)
(630 0 0)
(631 0 0)
(632 0 0)
(633 0 0)
(634 0 0)
(635 0 0)
(636 0 0)
(637 0 0)
(638 0 0)
(639 0 0)
(640 0 0)
(641 0 0)
(642 0 0)
(643 0 0)
(644 0 0)
(645 0 0)
(646 0 0)
(647 0 0)
(648 0 0)
(649 0 0)
(650 0 0)
(651 0 0)
(652 0 0)
(653 0 0)
(654 0 0)
(655 0 0)
(656 0 0)
(657 0 0)
(658 0 0)
(659 0 0)
(660 0 0)
(661 0 0)
(662 0 0)
(663 0 0)
(664 0 0)
(665 0 0)
(666 0 0)
(667 0 0)
(668 0 0)
(669 0 0)
(670 0 0)
(671 0 0)
(672 0 0)
(673 0 0)
(674 0 0)
(675 0 0)
(676 0 0)
(677 0 0)
(678 0 0)
(679 0 0)
(680 0 0)
(681 0 0)
(682 0 0)
(683 0 0)
(684 0 0)
(685 0 0)
(686 0 0)
(687 0 0)
(688 0 0)
(689 0 0)
(690 0 0)
(691 0 0)
(692 0 0)
(693 0 0)
(694 0 0)
(695 0 0)
(696 0 0)
(697 0 0)
(698 0 0)
(699 0 0)
(700 0 0)
(701 0 0)
(702 0 0)
(703 0 0)
(704 0 0)
(705 0 0)
(706 0 0)
(707 0 0)
(708 0 0)
(709 0 0)
(710 0 0)
(711 0 0)
(712 0 0)
(713 0 0)
(714 0 0)
(715 0 0)
(716 0 0)
(717 0 0)
(718 0 0)
(719 0 0)
(720 0 0)
(721 0 0)
(722 0 0)
(723 0 0)
(724 0 0)
(725 0 0)
(726 0 0)
(727 0 0)
(728 0 0)
(729 0 0)
(730 0 0)
(731 0 0)
(732 0 0)
(733 0 0)
(734 0 0)
(735 0 0)
(736 0 0)
(737 0 0)
(738 0 0)
(739 0 0)
(740 0 0)
(741 0 0)
(742 0 0)
(743 0 0)
(744 0 0)
(745 0 0)
(746 0 0)
(747 0 0)
(748 0 0)
(749 0 0)
(750 0 0)
(751 0 0)
(752 0 0)
(753 0 0)
(754 0 0)
(755 0 0)
(756 0 0)
(757 0 0)
(758 0 0)
(759 0 0)
(760 0 0)
(761 0 0)
(762 0 0)
(763 0 0)
(764 0 0)
(765 0 0)
(766 0 0)
(767 0 0)
(768 0 0)
(769 0 0)
(770 0 0)
(771 0 0)
(772 0 0)
(773 0 0)
(774 0 0)
(775 0 0)
(776 0 0)
(777 0 0)
(778 0 0)
(779 0 0)
(780 0 0)
(781 0 0)
(782 0 0)
(783 0 0)
(784 0 0)
(785 0 0)
(786 0 0)
(787 0 0)
(788 0 0)
(789 0 0)
(790 0 0)
(791 0 0)
(792 0 0)
(793 0 0)
(794 0 0)
(795 0 0)
(796 0 0)
(797 0 0)
(798 0 0)
(799 0 0)
(800 0 0)
(801 0 0)
(802 0 0)
(803 0 0)
(804 0 0)
(805 0 0)
(806 0 0)
(807 0 0)
(808 0 0)
(809 0 0)
(810 0 0)
(811 0 0)
(812 0 0)
(813 0 0)
(814 0 0)
(815 0 0)
(816 0 0)
(817 0 0)
(818 0 0)
(819 0 0)
(820 0 0)
(821 0 0)
(822 0 0)
(823 0 0)
(824 0 0)
(825 0 0)
(826 0 0)
(827 0 0)
(828 0 0)
(829 0 0)
(830 0 0)
(831 0 0)
(832 0 0)
(833 0 0)
(834 0 0)
(835 0 0)
(836 0 0)
(837 0 0)
(838 0 0)
(839 0 0)
(840 0 0)
(841 0 0)
(842 0 0)
(843 0 0)
(844 0 0)
(845 0 0)
(846 0 0)
(847 0 0)
(848 0 0)
(849 0 0)
(850 0 0)
(851 0 0)
(852 0 0)
(853 0 0)
(854 0 0)
(855 0 0)
(856 0 0)
(857 0 0)
(858 0 0)
(859 0 0)
(860 0 0)
(861 0 0)
(862 0 0)
(863 0 0)
(864 0 0)
(865 0 0)
(866 0 0)
(867 0 0)
(868 0 0)
(869 0 0)
(870 0 0)
(871 0 0)
(872 0 0)
(873 0 0)
(874 0 0)
(875 0 0)
(876 0 0)
(877 0 0)
(878 0 0)
(879 0 0)
(880 0 0)
(881 0 0)
(882 0 0)
(883 0 0)
(884 0 0)
(885 0 0)
(886 0 0)
(887 0 0)
(888 0 0)
(889 0 0)
(890 0 0)
(891 0 0)
(892 0 0)
(893 0 0)
(894 0 0)
(895 0 0)
(896 0 0)
(897 0 0)
(898 0 0)
(899 0 0)
(900 0 0)
(901 0 0)
(902 0 0)
(903 0 0)
(904 0 0)
(905 0 0)
(906 0 0)
(907 0 0)
(908 0 0)
(909 0 0)
(910 0 0)
(911 0 0)
(912 0 0)
(913 0 0)
(914 0 0)
(915 0 0)
(916 0 0)
(917 0 0)
(918 0 0)
(919 0 0)
(920 0 0)
(921 0 0)
(922 0 0)
(923 0 0)
(924 0 0)
(925 0 0)
(926 0 0)
(927 0 0)
(928 0 0)
(929 0 0)
(930 0 0)
(931 0 0)
(932 0 0)
(933 0 0)
(934 0 0)
(935 0 0)
(936 0 0)
(937 0 0)
(938 0 0)
(939 0 0)
(940 0 0)
(941 0 0)
(942 0 0)
(943 0 0)
(944 0 0)
(945 0 0)
(946 0 0)
(947 0 0)
(948 0 0)
(949 0 0)
(950 0 0)
(951 0 0)
(952 0 0)
(953 0 0)
(954 0 0)
(955 0 0)
(956 0 0)
(957 0 0)
(958 0 0)
(959 0 0)
(960 0 0)
(961 0 0)
(962 0 0)
(963 0 0)
(964 0 0)
(965 0 0)
(966 0 0)
(967 0 0)
(968 0 0)
(969 0 0)
(970 0 0)
(971 0 0)
(972 0 0)
(973 0 0)
(974 0 0)
(975 0 0)
(976 0 0)
(977 0 0)
(978 0 0)
(979 0 0)
(980 0 0)
(981 0 0)
(982 0 0)
(983 0 0)
(984 0 0)
(985 0 0)
(986 0 0)
(987 0 0)
(988 0 0)
(989 0 0)
(990 0 0)
(991 0 0)
(992 0 0)
(993 0 0)
(994 0 0)
(995 0 0)
(996 0 0)
(997 0 0)
(998 0 0)
(999 0 0)
(1000 0 0)
(-1000 1 0)
(-999 1 0)
(-998 1 0)
(-997 1 0)
(-996 1 0)
(-995 1 0)
(-994 1 0)
(-993 1 0)
(-992 1 0)
(-991 1 0)
(-990 1 0)
(-989 1 0)
(-988 1 0)
(-987 1 0)
(-986 1 0)
(-985 1 0)
(-984 1 0)
(-983 1 0)
(-982 1 0)
(-981 1 0)
(-980 1 0)
(-979 1 0)
(-978 1 0)
(-977 1 0)
(-976 1 0)
(-975 1 0)
(-974 1 0)
(-973 1 0)
(-972 1 0)
(-971 1 0)
(-970 1 0)
(-969 1 0)
(-968 1 0)
(-967 1 0)
(-966 1 0)
(-965 1 0)
(-964 1 0)
(-963 1 0)
(-962 1 0)
(-961 1 0)
(-960 1 0)
(-959 1 0)
(-958 1 0)
(-957 1 0)
(-956 1 0)
(-955 1 0)
(-954 1 0)
(-953 1 0)
(-952 1 0)
(-951 1 0)
(-950 1 0)
(-949 1 0)
(-948 1 0)
(-947 1 0)
(-946 1 0)
(-945 1 0)
(-944 1 0)
(-943 1 0)
(-942 1 0)
(-941 1 0)
(-940 1 0)
(-939 1 0)
(-938 1 0)
(-937 1 0)
(-936 1 0)
(-935 1 0)
(-934 1 0)
(-933 1 0)
(-932 1 0)
(-931 1 0)
(-930 1 0)
(-929 1 0)
(-928 1 0)
(-927 1 0)
(-926 1 0)
(-925 1 0)
(-924 1 0)
(-923 1 0)
(-922 1 0)
(-921 1 0)
(-920 1 0)
(-919 1 0)
(-918 1 0)
(-917 1 0)
(-916 1 0)
(-915 1 0)
(-914 1 0)
(-913 1 0)
(-912 1 0)
(-911 1 0)
(-910 1 0)
(-909 1 0)
(-908 1 0)
(-907 1 0)
(-906 1 0)
(-905 1 0)
(-904 1 0)
(-903 1 0)
(-902 1 0)
(-901 1 0)
(-900 1 0)
(-899 1 0)
(-898 1 0)
(-897 1 0)
(-896 1 0)
(-895 1 0)
(-894 1 0)
(-893 1 0)
(-892 1 0)
(-891 1 0)
(-890 1 0)
(-889 1 0)
(-888 1 0)
(-887 1 0)
(-886 1 0)
(-885 1 0)
(-884 1 0)
(-883 1 0)
(-882 1 0)
(-881 1 0)
(-880 1 0)
(-879 1 0)
(-878 1 0)
(-877 1 0)
(-876 1 0)
(-875 1 0)
(-874 1 0)
(-873 1 0)
(-872 1 0)
(-871 1 0)
(-870 1 0)
(-869 1 0)
(-868 1 0)
(-867 1 0)
(-866 1 0)
(-865 1 0)
(-864 1 0)
(-863 1 0)
(-862 1 0)
(-861 1 0)
(-860 1 0)
(-859 1 0)
(-858 1 0)
(-857 1 0)
(-856 1 0)
(-855 1 0)
(-854 1 0)
(-853 1 0)
(-852 1 0)
(-851 1 0)
(-850 1 0)
(-849 1 0)
(-848 1 0)
(-847 1 0)
(-846 1 0)
(-845 1 0)
(-844 1 0)
(-843 1 0)
(-842 1 0)
(-841 1 0)
(-840 1 0)
(-839 1 0)
(-838 1 0)
(-837 1 0)
(-836 1 0)
(-835 1 0)
(-834 1 0)
(-833 1 0)
(-832 1 0)
(-831 1 0)
(-830 1 0)
(-829 1 0)
(-828 1 0)
(-827 1 0)
(-826 1 0)
(-825 1 0)
(-824 1 0)
(-823 1 0)
(-822 1 0)
(-821 1 0)
(-820 1 0)
(-819 1 0)
(-818 1 0)
(-817 1 0)
(-816 1 0)
(-815 1 0)
(-814 1 0)
(-813 1 0)
(-812 1 0)
(-811 1 0)
(-810 1 0)
(-809 1 0)
(-808 1 0)
(-807 1 0)
(-806 1 0)
(-805 1 0)
(-804 1 0)
(-803 1 0)
(-802 1 0)
(-801 1 0)
(-800 1 0)
(-799 1 0)
(-798 1 0)
(-797 1 0)
(-796 1 0)
(-795 1 0)
(-794 1 0)
(-793 1 0)
(-792 1 0)
(-791 1 0)
(-790 1 0)
(-789 1 0)
(-788 1 0)
(-787 1 0)
(-786 1 0)
(-785 1 0)
(-784 1 0)
(-783 1 0)
(-782 1 0)
(-781 1 0)
(-780 1 0)
(-779 1 0)
(-778 1 0)
(-777 1 0)
(-776 1 0)
(-775 1 0)
(-774 1 0)
(-773 1 0)
(-772 1 0)
(-771 1 0)
(-770 1 0)
(-769 1 0)
(-768 1 0)
(-767 1 0)
(-766 1 0)
(-765 1 0)
(-764 1 0)
(-763 1 0)
(-762 1 0)
(-761 1 0)
(-760 1 0)
(-759 1 0)
(-758 1 0)
(-757 1 0)
(-756 1 0)
(-755 1 0)
(-754 1 0)
(-753 1 0)
(-752 1 0)
(-751 1 0)
(-750 1 0)
(-749 1 0)
(-748 1 0)
(-747 1 0)
(-746 1 0)
(-745 1 0)
(-744 1 0)
(-743 1 0)
(-742 1 0)
(-741 1 0)
(-740 1 0)
(-739 1 0)
(-738 1 0)
(-737 1 0)
(-736 1 0)
(-735 1 0)
(-734 1 0)
(-733 1 0)
(-732 1 0)
(-731 1 0)
(-730 1 0)
(-729 1 0)
(-728 1 0)
(-727 1 0)
(-726 1 0)
(-725 1 0)
(-724 1 0)
(-723 1 0)
(-722 1 0)
(-721 1 0)
(-720 1 0)
(-719 1 0)
(-718 1 0)
(-717 1 0)
(-716 1 0)
(-715 1 0)
(-714 1 0)
(-713 1 0)
(-712 1 0)
(-711 1 0)
(-710 1 0)
(-709 1 0)
(-708 1 0)
(-707 1 0)
(-706 1 0)
(-705 1 0)
(-704 1 0)
(-703 1 0)
(-702 1 0)
(-701 1 0)
(-700 1 0)
(-699 1 0)
(-698 1 0)
(-697 1 0)
(-696 1 0)
(-695 1 0)
(-694 1 0)
(-693 1 0)
(-692 1 0)
(-691 1 0)
(-690 1 0)
(-689 1 0)
(-688 1 0)
(-687 1 0)
(-686 1 0)
(-685 1 0)
(-684 1 0)
(-683 1 0)
(-682 1 0)
(-681 1 0)
(-680 1 0)
(-679 1 0)
(-678 1 0)
(-677 1 0)
(-676 1 0)
(-675 1 0)
(-674 1 0)
(-673 1 0)
(-672 1 0)
(-671 1 0)
(-670 1 0)
(-669 1 0)
(-668 1 0)
(-667 1 0)
(-666 1 0)
(-665 1 0)
(-664 1 0)
(-663 1 0)
(-662 1 0)
(-661 1 0)
(-660 1 0)
(-659 1 0)
(-658 1 0)
(-657 1 0)
(-656 1 0)
(-655 1 0)
(-654 1 0)
(-653 1 0)
(-652 1 0)
(-651 1 0)
(-650 1 0)
(-649 1 0)
(-648 1 0)
(-647 1 0)
(-646 1 0)
(-645 1 0)
(-644 1 0)
(-643 1 0)
(-642 1 0)
(-641 1 0)
(-640 1 0)
(-639 1 0)
(-638 1 0)
(-637 1 0)
(-636 1 0)
(-635 1 0)
(-634 1 0)
(-633 1 0)
(-632 1 0)
(-631 1 0)
(-630 1 0)
(-629 1 0)
(-628 1 0)
(-627 1 0)
(-626 1 0)
(-625 1 0)
(-624 1 0)
(-623 1 0)
(-622 1 0)
(-621 1 0)
(-620 1 0)
(-619 1 0)
(-618 1 0)
(-617 1 0)
(-616 1 0)
(-615 1 0)
(-614 1 0)
(-613 1 0)
(-612 1 0)
(-611 1 0)
(-610 1 0)
(-609 1 0)
(-608 1 0)
(-607 1 0)
(-606 1 0)
(-605 1 0)
(-604 1 0)
(-603 1 0)
(-602 1 0)
(-601 1 0)
(-600 1 0)
(-599 1 0)
(-598 1 0)
(-597 1 0)
(-596 1 0)
(-595 1 0)
(-594 1 0)
(-593 1 0)
(-592 1 0)
(-591 1 0)
(-590 1 0)
(-589 1 0)
(-588 1 0)
(-587 1 0)
(-586 1 0)
(-585 1 0)
(-584 1 0)
(-583 1 0)
(-582 1 0)
(-581 1 0)
(-580 1 0)
(-579 1 0)
(-578 1 0)
(-577 1 0)
(-576 1 0)
(-575 1 0)
(-574 1 0)
(-573 1 0)
(-572 1 0)
(-571 1 0)
(-570 1 0)
(-569 1 0)
(-568 1 0)
(-567 1 0)
(-566 1 0)
(-565 1 0)
(-564 1 0)
(-563 1 0)
(-562 1 0)
(-561 1 0)
(-560 1 0)
(-559 1 0)
(-558 1 0)
(-557 1 0)
(-556 1 0)
(-555 1 0)
(-554 1 0)
(-553 1 0)
(-552 1 0)
(-551 1 0)
(-550 1 0)
(-549 1 0)
(-548 1 0)
(-547 1 0)
(-546 1 0)
(-545 1 0)
(-544 1 0)
(-543 1 0)
(-542 1 0)
(-541 1 0)
(-540 1 0)
(-539 1 0)
(-538 1 0)
(-537 1 0)
(-536 1 0)
(-535 1 0)
(-534 1 0)
(-533 1 0)
(-532 1 0)
(-531 1 0)
(-530 1 0)
(-529 1 0)
(-528 1 0)
(-527 1 0)
(-526 1 0)
(-525 1 0)
(-524 1 0)
(-523 1 0)
(-522 1 0)
(-521 1 0)
(-520 1 0)
(-519 1 0)
(-518 1 0)
(-517 1 0)
(-516 1 0)
(-515 1 0)
(-514 1 0)
(-513 1 0)
(-512 1 0)
(-511 1 0)
(-510 1 0)
(-509 1 0)
(-508 1 0)
(-507 1 0)
(-506 1 0)
(-505 1 0)
(-504 1 0)
(-503 1 0)
(-502 1 0)
(-501 1 0)
(-500 1 0)
(-499 1 0)
(-498 1 0)
(-497 1 0)
(-496 1 0)
(-495 1 0)
(-494 1 0)
(-493 1 0)
(-492 1 0)
(-491 1 0)
(-490 1 0)
(-489 1 0)
(-488 1 0)
(-487 1 0)
(-486 1 0)
(-485 1 0)
(-484 1 0)
(-483 1 0)
(-482 1 0)
(-481 1 0)
(-480 1 0)
(-479 1 0)
(-478 1 0)
(-477 1 0)
(-476 1 0)
(-475 1 0)
(-474 1 0)
(-473 1 0)
(-472 1 0)
(-471 1 0)
(-470 1 0)
(-469 1 0)
(-468 1 0)
(-467 1 0)
(-466 1 0)
(-465 1 0)
(-464 1 0)
(-463 1 0)
(-462 1 0)
(-461 1 0)
(-460 1 0)
(-459 1 0)
(-458 1 0)
(-457 1 0)
(-456 1 0)
(-455 1 0)
(-454 1 0)
(-453 1 0)
(-452 1 0)
(-451 1 0)
(-450 1 0)
(-449 1 0)
(-448 1 0)
(-447 1 0)
(-446 1 0)
(-445 1 0)
(-444 1 0)
(-443 1 0)
(-442 1 0)
(-441 1 0)
(-440 1 0)
(-439 1 0)
(-438 1 0)
(-437 1 0)
(-436 1 0)
(-435 1 0)
(-434 1 0)
(-433 1 0)
(-432 1 0)
(-431 1 0)
(-430 1 0)
(-429 1 0)
(-428 1 0)
(-427 1 0)
(-426 1 0)
(-425 1 0)
(-424 1 0)
(-423 1 0)
(-422 1 0)
(-421 1 0)
(-420 1 0)
(-419 1 0)
(-418 1 0)
(-417 1 0)
(-416 1 0)
(-415 1 0)
(-414 1 0)
(-413 1 0)
(-412 1 0)
(-411 1 0)
(-410 1 0)
(-409 1 0)
(-408 1 0)
(-407 1 0)
(-406 1 0)
(-405 1 0)
(-404 1 0)
(-403 1 0)
(-402 1 0)
(-401 1 0)
(-400 1 0)
(-399 1 0)
(-398 1 0)
(-397 1 0)
(-396 1 0)
(-395 1 0)
(-394 1 0)
(-393 1 0)
(-392 1 0)
(-391 1 0)
(-390 1 0)
(-389 1 0)
(-388 1 0)
(-387 1 0)
(-386 1 0)
(-385 1 0)
(-384 1 0)
(-383 1 0)
(-382 1 0)
(-381 1 0)
(-380 1 0)
(-379 1 0)
(-378 1 0)
(-377 1 0)
(-376 1 0)
(-375 1 0)
(-374 1 0)
(-373 1 0)
(-372 1 0)
(-371 1 0)
(-370 1 0)
(-369 1 0)
(-368 1 0)
(-367 1 0)
(-366 1 0)
(-365 1 0)
(-364 1 0)
(-363 1 0)
(-362 1 0)
(-361 1 0)
(-360 1 0)
(-359 1 0)
(-358 1 0)
(-357 1 0)
(-356 1 0)
(-355 1 0)
(-354 1 0)
(-353 1 0)
(-352 1 0)
(-351 1 0)
(-350 1 0)
(-349 1 0)
(-348 1 0)
(-347 1 0)
(-346 1 0)
(-345 1 0)
(-344 1 0)
(-343 1 0)
(-342 1 0)
(-341 1 0)
(-340 1 0)
(-339 1 0)
(-338 1 0)
(-337 1 0)
(-336 1 0)
(-335 1 0)
(-334 1 0)
(-333 1 0)
(-332 1 0)
(-331 1 0)
(-330 1 0)
(-329 1 0)
(-328 1 0)
(-327 1 0)
(-326 1 0)
(-325 1 0)
(-324 1 0)
(-323 1 0)
(-322 1 0)
(-321 1 0)
(-320 1 0)
(-319 1 0)
(-318 1 0)
(-317 1 0)
(-316 1 0)
(-315 1 0)
(-314 1 0)
(-313 1 0)
(-312 1 0)
(-311 1 0)
(-310 1 0)
(-309 1 0)
(-308 1 0)
(-307 1 0)
(-306 1 0)
(-305 1 0)
(-304 1 0)
(-303 1 0)
(-302 1 0)
(-301 1 0)
(-300 1 0)
(-299 1 0)
(-298 1 0)
(-297 1 0)
(-296 1 0)
(-295 1 0)
(-294 1 0)
(-293 1 0)
(-292 1 0)
(-291 1 0)
(-290 1 0)
(-289 1 0)
(-288 1 0)
(-287 1 0)
(-286 1 0)
(-285 1 0)
(-284 1 0)
(-283 1 0)
(-282 1 0)
(-281 1 0)
(-280 1 0)
(-279 1 0)
(-278 1 0)
(-277 1 0)
(-276 1 0)
(-275 1 0)
(-274 1 0)
(-273 1 0)
(-272 1 0)
(-271 1 0)
(-270 1 0)
(-269 1 0)
(-268 1 0)
(-267 1 0)
(-266 1 0)
(-265 1 0)
(-264 1 0)
(-263 1 0)
(-262 1 0)
(-261 1 0)
(-260 1 0)
(-259 1 0)
(-258 1 0)
(-257 1 0)
(-256 1 0)
(-255 1 0)
(-254 1 0)
(-253 1 0)
(-252 1 0)
(-251 1 0)
(-250 1 0)
(-249 1 0)
(-248 1 0)
(-247 1 0)
(-246 1 0)
(-245 1 0)
(-244 1 0)
(-243 1 0)
(-242 1 0)
(-241 1 0)
(-240 1 0)
(-239 1 0)
(-238 1 0)
(-237 1 0)
(-236 1 0)
(-235 1 0)
(-234 1 0)
(-233 1 0)
(-232 1 0)
(-231 1 0)
(-230 1 0)
(-229 1 0)
(-228 1 0)
(-227 1 0)
(-226 1 0)
(-225 1 0)
(-224 1 0)
(-223 1 0)
(-222 1 0)
(-221 1 0)
(-220 1 0)
(-219 1 0)
(-218 1 0)
(-217 1 0)
(-216 1 0)
(-215 1 0)
(-214 1 0)
(-213 1 0)
(-212 1 0)
(-211 1 0)
(-210 1 0)
(-209 1 0)
(-208 1 0)
(-207 1 0)
(-206 1 0)
(-205 1 0)
(-204 1 0)
(-203 1 0)
(-202 1 0)
(-201 1 0)
(-200 1 0)
(-199 1 0)
(-198 1 0)
(-197 1 0)
(-196 1 0)
(-195 1 0)
(-194 1 0)
(-193 1 0)
(-192 1 0)
(-191 1 0)
(-190 1 0)
(-189 1 0)
(-188 1 0)
(-187 1 0)
(-186 1 0)
(-185 1 0)
(-184 1 0)
(-183 1 0)
(-182 1 0)
(-181 1 0)
(-180 1 0)
(-179 1 0)
(-178 1 0)
(-177 1 0)
(-176 1 0)
(-175 1 0)
(-174 1 0)
(-173 1 0)
(-172 1 0)
(-171 1 0)
(-170 1 0)
(-169 1 0)
(-168 1 0)
(-167 1 0)
(-166 1 0)
(-165 1 0)
(-164 1 0)
(-163 1 0)
(-162 1 0)
(-161 1 0)
(-160 1 0)
(-159 1 0)
(-158 1 0)
(-157 1 0)
(-156 1 0)
(-155 1 0)
(-154 1 0)
(-153 1 0)
(-152 1 0)
(-151 1 0)
(-150 1 0)
(-149 1 0)
(-148 1 0)
(-147 1 0)
(-146 1 0)
(-145 1 0)
(-144 1 0)
(-143 1 0)
(-142 1 0)
(-141 1 0)
(-140 1 0)
(-139 1 0)
(-138 1 0)
(-137 1 0)
(-136 1 0)
(-135 1 0)
(-134 1 0)
(-133 1 0)
(-132 1 0)
(-131 1 0)
(-130 1 0)
(-129 1 0)
(-128 1 0)
(-127 1 0)
(-126 1 0)
(-125 1 0)
(-124 1 0)
(-123 1 0)
(-122 1 0)
(-121 1 0)
(-120 1 0)
(-119 1 0)
(-118 1 0)
(-117 1 0)
(-116 1 0)
(-115 1 0)
(-114 1 0)
(-113 1 0)
(-112 1 0)
(-111 1 0)
(-110 1 0)
(-109 1 0)
(-108 1 0)
(-107 1 0)
(-106 1 0)
(-105 1 0)
(-104 1 0)
(-103 1 0)
(-102 1 0)
(-101 1 0)
(-100 1 0)
(-99 1 0)
(-98 1 0)
(-97 1 0)
(-96 1 0)
(-95 1 0)
(-94 1 0)
(-93 1 0)
(-92 1 0)
(-91 1 0)
(-90 1 0)
(-89 1 0)
(-88 1 0)
(-87 1 0)
(-86 1 0)
(-85 1 0)
(-84 1 0)
(-83 1 0)
(-82 1 0)
(-81 1 0)
(-80 1 0)
(-79 1 0)
(-78 1 0)
(-77 1 0)
(-76 1 0)
(-75 1 0)
(-74 1 0)
(-73 1 0)
(-72 1 0)
(-71 1 0)
(-70 1 0)
(-69 1 0)
(-68 1 0)
(-67 1 0)
(-66 1 0)
(-65 1 0)
(-64 1 0)
(-63 1 0)
(-62 1 0)
(-61 1 0)
(-60 1 0)
(-59 1 0)
(-58 1 0)
(-57 1 0)
(-56 1 0)
(-55 1 0)
(-54 1 0)
(-53 1 0)
(-52 1 0)
(-51 1 0)
(-50 1 0)
(-49 1 0)
(-48 1 0)
(-47 1 0)
(-46 1 0)
(-45 1 0)
(-44 1 0)
(-43 1 0)
(-42 1 0)
(-41 1 0)
(-40 1 0)
(-39 1 0)
(-38 1 0)
(-37 1 0)
(-36 1 0)
(-35 1 0)
(-34 1 0)
(-33 1 0)
(-32 1 0)
(-31 1 0)
(-30 1 0)
(-29 1 0)
(-28 1 0)
(-27 1 0)
(-26 1 0)
(-25 1 0)
(-24 1 0)
(-23 1 0)
(-22 1 0)
(-21 1 0)
(-20 1 0)
(-19 1 0)
(-18 1 0)
(-17 1 0)
(-16 1 0)
(-15 1 0)
(-14 1 0)
(-13 1 0)
(-12 1 0)
(-11 1 0)
(-10 1 0)
(-9 1 0)
(-8 1 0)
(-7 1 0)
(-6 1 0)
(-5 1 0)
(-4 1 0)
(-3 1 0)
(-2 1 0)
(-1 1 0)
(0 1 0)
(1 1 0)
(2 1 0)
(3 1 0)
(4 1 0)
(5 1 0)
(6 1 0)
(7 1 0)
(8 1 0)
(9 1 0)
(10 1 0)
(11 1 0)
(12 1 0)
(13 1 0)
(14 1 0)
(15 1 0)
(16 1 0)
(17 1 0)
(18 1 0)
(19 1 0)
(20 1 0)
(21 1 0)
(22 1 0)
(23 1 0)
(24 1 0)
(25 1 0)
(26 1 0)
(27 1 0)
(28 1 0)
(29 1 0)
(30 1 0)
(31 1 0)
(32 1 0)
(33 1 0)
(34 1 0)
(35 1 0)
(36 1 0)
(37 1 0)
(38 1 0)
(39 1 0)
(40 1 0)
(41 1 0)
(42 1 0)
(43 1 0)
(44 1 0)
(45 1 0)
(46 1 0)
(47 1 0)
(48 1 0)
(49 1 0)
(50 1 0)
(51 1 0)
(52 1 0)
(53 1 0)
(54 1 0)
(55 1 0)
(56 1 0)
(57 1 0)
(58 1 0)
(59 1 0)
(60 1 0)
(61 1 0)
(62 1 0)
(63 1 0)
(64 1 0)
(65 1 0)
(66 1 0)
(67 1 0)
(68 1 0)
(69 1 0)
(70 1 0)
(71 1 0)
(72 1 0)
(73 1 0)
(74 1 0)
(75 1 0)
(76 1 0)
(77 1 0)
(78 1 0)
(79 1 0)
(80 1 0)
(81 1 0)
(82 1 0)
(83 1 0)
(84 1 0)
(85 1 0)
(86 1 0)
(87 1 0)
(88 1 0)
(89 1 0)
(90 1 0)
(91 1 0)
(92 1 0)
(93 1 0)
(94 1 0)
(95 1 0)
(96 1 0)
(97 1 0)
(98 1 0)
(99 1 0)
(100 1 0)
(101 1 0)
(102 1 0)
(103 1 0)
(104 1 0)
(105 1 0)
(106 1 0)
(107 1 0)
(108 1 0)
(109 1 0)
(110 1 0)
(111 1 0)
(112 1 0)
(113 1 0)
(114 1 0)
(115 1 0)
(116 1 0)
(117 1 0)
(118 1 0)
(119 1 0)
(120 1 0)
(121 1 0)
(122 1 0)
(123 1 0)
(124 1 0)
(125 1 0)
(126 1 0)
(127 1 0)
(128 1 0)
(129 1 0)
(130 1 0)
(131 1 0)
(132 1 0)
(133 1 0)
(134 1 0)
(135 1 0)
(136 1 0)
(137 1 0)
(138 1 0)
(139 1 0)
(140 1 0)
(141 1 0)
(142 1 0)
(143 1 0)
(144 1 0)
(145 1 0)
(146 1 0)
(147 1 0)
(148 1 0)
(149 1 0)
(150 1 0)
(151 1 0)
(152 1 0)
(153 1 0)
(154 1 0)
(155 1 0)
(156 1 0)
(157 1 0)
(158 1 0)
(159 1 0)
(160 1 0)
(161 1 0)
(162 1 0)
(163 1 0)
(164 1 0)
(165 1 0)
(166 1 0)
(167 1 0)
(168 1 0)
(169 1 0)
(170 1 0)
(171 1 0)
(172 1 0)
(173 1 0)
(174 1 0)
(175 1 0)
(176 1 0)
(177 1 0)
(178 1 0)
(179 1 0)
(180 1 0)
(181 1 0)
(182 1 0)
(183 1 0)
(184 1 0)
(185 1 0)
(186 1 0)
(187 1 0)
(188 1 0)
(189 1 0)
(190 1 0)
(191 1 0)
(192 1 0)
(193 1 0)
(194 1 0)
(195 1 0)
(196 1 0)
(197 1 0)
(198 1 0)
(199 1 0)
(200 1 0)
(201 1 0)
(202 1 0)
(203 1 0)
(204 1 0)
(205 1 0)
(206 1 0)
(207 1 0)
(208 1 0)
(209 1 0)
(210 1 0)
(211 1 0)
(212 1 0)
(213 1 0)
(214 1 0)
(215 1 0)
(216 1 0)
(217 1 0)
(218 1 0)
(219 1 0)
(220 1 0)
(221 1 0)
(222 1 0)
(223 1 0)
(224 1 0)
(225 1 0)
(226 1 0)
(227 1 0)
(228 1 0)
(229 1 0)
(230 1 0)
(231 1 0)
(232 1 0)
(233 1 0)
(234 1 0)
(235 1 0)
(236 1 0)
(237 1 0)
(238 1 0)
(239 1 0)
(240 1 0)
(241 1 0)
(242 1 0)
(243 1 0)
(244 1 0)
(245 1 0)
(246 1 0)
(247 1 0)
(248 1 0)
(249 1 0)
(250 1 0)
(251 1 0)
(252 1 0)
(253 1 0)
(254 1 0)
(255 1 0)
(256 1 0)
(257 1 0)
(258 1 0)
(259 1 0)
(260 1 0)
(261 1 0)
(262 1 0)
(263 1 0)
(264 1 0)
(265 1 0)
(266 1 0)
(267 1 0)
(268 1 0)
(269 1 0)
(270 1 0)
(271 1 0)
(272 1 0)
(273 1 0)
(274 1 0)
(275 1 0)
(276 1 0)
(277 1 0)
(278 1 0)
(279 1 0)
(280 1 0)
(281 1 0)
(282 1 0)
(283 1 0)
(284 1 0)
(285 1 0)
(286 1 0)
(287 1 0)
(288 1 0)
(289 1 0)
(290 1 0)
(291 1 0)
(292 1 0)
(293 1 0)
(294 1 0)
(295 1 0)
(296 1 0)
(297 1 0)
(298 1 0)
(299 1 0)
(300 1 0)
(301 1 0)
(302 1 0)
(303 1 0)
(304 1 0)
(305 1 0)
(306 1 0)
(307 1 0)
(308 1 0)
(309 1 0)
(310 1 0)
(311 1 0)
(312 1 0)
(313 1 0)
(314 1 0)
(315 1 0)
(316 1 0)
(317 1 0)
(318 1 0)
(319 1 0)
(320 1 0)
(321 1 0)
(322 1 0)
(323 1 0)
(324 1 0)
(325 1 0)
(326 1 0)
(327 1 0)
(328 1 0)
(329 1 0)
(330 1 0)
(331 1 0)
(332 1 0)
(333 1 0)
(334 1 0)
(335 1 0)
(336 1 0)
(337 1 0)
(338 1 0)
(339 1 0)
(340 1 0)
(341 1 0)
(342 1 0)
(343 1 0)
(344 1 0)
(345 1 0)
(346 1 0)
(347 1 0)
(348 1 0)
(349 1 0)
(350 1 0)
(351 1 0)
(352 1 0)
(353 1 0)
(354 1 0)
(355 1 0)
(356 1 0)
(357 1 0)
(358 1 0)
(359 1 0)
(360 1 0)
(361 1 0)
(362 1 0)
(363 1 0)
(364 1 0)
(365 1 0)
(366 1 0)
(367 1 0)
(368 1 0)
(369 1 0)
(370 1 0)
(371 1 0)
(372 1 0)
(373 1 0)
(374 1 0)
(375 1 0)
(376 1 0)
(377 1 0)
(378 1 0)
(379 1 0)
(380 1 0)
(381 1 0)
(382 1 0)
(383 1 0)
(384 1 0)
(385 1 0)
(386 1 0)
(387 1 0)
(388 1 0)
(389 1 0)
(390 1 0)
(391 1 0)
(392 1 0)
(393 1 0)
(394 1 0)
(395 1 0)
(396 1 0)
(397 1 0)
(398 1 0)
(399 1 0)
(400 1 0)
(401 1 0)
(402 1 0)
(403 1 0)
(404 1 0)
(405 1 0)
(406 1 0)
(407 1 0)
(408 1 0)
(409 1 0)
(410 1 0)
(411 1 0)
(412 1 0)
(413 1 0)
(414 1 0)
(415 1 0)
(416 1 0)
(417 1 0)
(418 1 0)
(419 1 0)
(420 1 0)
(421 1 0)
(422 1 0)
(423 1 0)
(424 1 0)
(425 1 0)
(426 1 0)
(427 1 0)
(428 1 0)
(429 1 0)
(430 1 0)
(431 1 0)
(432 1 0)
(433 1 0)
(434 1 0)
(435 1 0)
(436 1 0)
(437 1 0)
(438 1 0)
(439 1 0)
(440 1 0)
(441 1 0)
(442 1 0)
(443 1 0)
(444 1 0)
(445 1 0)
(446 1 0)
(447 1 0)
(448 1 0)
(449 1 0)
(450 1 0)
(451 1 0)
(452 1 0)
(453 1 0)
(454 1 0)
(455 1 0)
(456 1 0)
(457 1 0)
(458 1 0)
(459 1 0)
(460 1 0)
(461 1 0)
(462 1 0)
(463 1 0)
(464 1 0)
(465 1 0)
(466 1 0)
(467 1 0)
(468 1 0)
(469 1 0)
(470 1 0)
(471 1 0)
(472 1 0)
(473 1 0)
(474 1 0)
(475 1 0)
(476 1 0)
(477 1 0)
(478 1 0)
(479 1 0)
(480 1 0)
(481 1 0)
(482 1 0)
(483 1 0)
(484 1 0)
(485 1 0)
(486 1 0)
(487 1 0)
(488 1 0)
(489 1 0)
(490 1 0)
(491 1 0)
(492 1 0)
(493 1 0)
(494 1 0)
(495 1 0)
(496 1 0)
(497 1 0)
(498 1 0)
(499 1 0)
(500 1 0)
(501 1 0)
(502 1 0)
(503 1 0)
(504 1 0)
(505 1 0)
(506 1 0)
(507 1 0)
(508 1 0)
(509 1 0)
(510 1 0)
(511 1 0)
(512 1 0)
(513 1 0)
(514 1 0)
(515 1 0)
(516 1 0)
(517 1 0)
(518 1 0)
(519 1 0)
(520 1 0)
(521 1 0)
(522 1 0)
(523 1 0)
(524 1 0)
(525 1 0)
(526 1 0)
(527 1 0)
(528 1 0)
(529 1 0)
(530 1 0)
(531 1 0)
(532 1 0)
(533 1 0)
(534 1 0)
(535 1 0)
(536 1 0)
(537 1 0)
(538 1 0)
(539 1 0)
(540 1 0)
(541 1 0)
(542 1 0)
(543 1 0)
(544 1 0)
(545 1 0)
(546 1 0)
(547 1 0)
(548 1 0)
(549 1 0)
(550 1 0)
(551 1 0)
(552 1 0)
(553 1 0)
(554 1 0)
(555 1 0)
(556 1 0)
(557 1 0)
(558 1 0)
(559 1 0)
(560 1 0)
(561 1 0)
(562 1 0)
(563 1 0)
(564 1 0)
(565 1 0)
(566 1 0)
(567 1 0)
(568 1 0)
(569 1 0)
(570 1 0)
(571 1 0)
(572 1 0)
(573 1 0)
(574 1 0)
(575 1 0)
(576 1 0)
(577 1 0)
(578 1 0)
(579 1 0)
(580 1 0)
(581 1 0)
(582 1 0)
(583 1 0)
(584 1 0)
(585 1 0)
(586 1 0)
(587 1 0)
(588 1 0)
(589 1 0)
(590 1 0)
(591 1 0)
(592 1 0)
(593 1 0)
(594 1 0)
(595 1 0)
(596 1 0)
(597 1 0)
(598 1 0)
(599 1 0)
(600 1 0)
(601 1 0)
(602 1 0)
(603 1 0)
(604 1 0)
(605 1 0)
(606 1 0)
(607 1 0)
(608 1 0)
(609 1 0)
(610 1 0)
(611 1 0)
(612 1 0)
(613 1 0)
(614 1 0)
(615 1 0)
(616 1 0)
(617 1 0)
(618 1 0)
(619 1 0)
(620 1 0)
(621 1 0)
(622 1 0)
(623 1 0)
(624 1 0)
(625 1 0)
(626 1 0)
(627 1 0)
(628 1 0)
(629 1 0)
(630 1 0)
(631 1 0)
(632 1 0)
(633 1 0)
(634 1 0)
(635 1 0)
(636 1 0)
(637 1 0)
(638 1 0)
(639 1 0)
(640 1 0)
(641 1 0)
(642 1 0)
(643 1 0)
(644 1 0)
(645 1 0)
(646 1 0)
(647 1 0)
(648 1 0)
(649 1 0)
(650 1 0)
(651 1 0)
(652 1 0)
(653 1 0)
(654 1 0)
(655 1 0)
(656 1 0)
(657 1 0)
(658 1 0)
(659 1 0)
(660 1 0)
(661 1 0)
(662 1 0)
(663 1 0)
(664 1 0)
(665 1 0)
(666 1 0)
(667 1 0)
(668 1 0)
(669 1 0)
(670 1 0)
(671 1 0)
(672 1 0)
(673 1 0)
(674 1 0)
(675 1 0)
(676 1 0)
(677 1 0)
(678 1 0)
(679 1 0)
(680 1 0)
(681 1 0)
(682 1 0)
(683 1 0)
(684 1 0)
(685 1 0)
(686 1 0)
(687 1 0)
(688 1 0)
(689 1 0)
(690 1 0)
(691 1 0)
(692 1 0)
(693 1 0)
(694 1 0)
(695 1 0)
(696 1 0)
(697 1 0)
(698 1 0)
(699 1 0)
(700 1 0)
(701 1 0)
(702 1 0)
(703 1 0)
(704 1 0)
(705 1 0)
(706 1 0)
(707 1 0)
(708 1 0)
(709 1 0)
(710 1 0)
(711 1 0)
(712 1 0)
(713 1 0)
(714 1 0)
(715 1 0)
(716 1 0)
(717 1 0)
(718 1 0)
(719 1 0)
(720 1 0)
(721 1 0)
(722 1 0)
(723 1 0)
(724 1 0)
(725 1 0)
(726 1 0)
(727 1 0)
(728 1 0)
(729 1 0)
(730 1 0)
(731 1 0)
(732 1 0)
(733 1 0)
(734 1 0)
(735 1 0)
(736 1 0)
(737 1 0)
(738 1 0)
(739 1 0)
(740 1 0)
(741 1 0)
(742 1 0)
(743 1 0)
(744 1 0)
(745 1 0)
(746 1 0)
(747 1 0)
(748 1 0)
(749 1 0)
(750 1 0)
(751 1 0)
(752 1 0)
(753 1 0)
(754 1 0)
(755 1 0)
(756 1 0)
(757 1 0)
(758 1 0)
(759 1 0)
(760 1 0)
(761 1 0)
(762 1 0)
(763 1 0)
(764 1 0)
(765 1 0)
(766 1 0)
(767 1 0)
(768 1 0)
(769 1 0)
(770 1 0)
(771 1 0)
(772 1 0)
(773 1 0)
(774 1 0)
(775 1 0)
(776 1 0)
(777 1 0)
(778 1 0)
(779 1 0)
(780 1 0)
(781 1 0)
(782 1 0)
(783 1 0)
(784 1 0)
(785 1 0)
(786 1 0)
(787 1 0)
(788 1 0)
(789 1 0)
(790 1 0)
(791 1 0)
(792 1 0)
(793 1 0)
(794 1 0)
(795 1 0)
(796 1 0)
(797 1 0)
(798 1 0)
(799 1 0)
(800 1 0)
(801 1 0)
(802 1 0)
(803 1 0)
(804 1 0)
(805 1 0)
(806 1 0)
(807 1 0)
(808 1 0)
(809 1 0)
(810 1 0)
(811 1 0)
(812 1 0)
(813 1 0)
(814 1 0)
(815 1 0)
(816 1 0)
(817 1 0)
(818 1 0)
(819 1 0)
(820 1 0)
(821 1 0)
(822 1 0)
(823 1 0)
(824 1 0)
(825 1 0)
(826 1 0)
(827 1 0)
(828 1 0)
(829 1 0)
(830 1 0)
(831 1 0)
(832 1 0)
(833 1 0)
(834 1 0)
(835 1 0)
(836 1 0)
(837 1 0)
(838 1 0)
(839 1 0)
(840 1 0)
(841 1 0)
(842 1 0)
(843 1 0)
(844 1 0)
(845 1 0)
(846 1 0)
(847 1 0)
(848 1 0)
(849 1 0)
(850 1 0)
(851 1 0)
(852 1 0)
(853 1 0)
(854 1 0)
(855 1 0)
(856 1 0)
(857 1 0)
(858 1 0)
(859 1 0)
(860 1 0)
(861 1 0)
(862 1 0)
(863 1 0)
(864 1 0)
(865 1 0)
(866 1 0)
(867 1 0)
(868 1 0)
(869 1 0)
(870 1 0)
(871 1 0)
(872 1 0)
(873 1 0)
(874 1 0)
(875 1 0)
(876 1 0)
(877 1 0)
(878 1 0)
(879 1 0)
(880 1 0)
(881 1 0)
(882 1 0)
(883 1 0)
(884 1 0)
(885 1 0)
(886 1 0)
(887 1 0)
(888 1 0)
(889 1 0)
(890 1 0)
(891 1 0)
(892 1 0)
(893 1 0)
(894 1 0)
(895 1 0)
(896 1 0)
(897 1 0)
(898 1 0)
(899 1 0)
(900 1 0)
(901 1 0)
(902 1 0)
(903 1 0)
(904 1 0)
(905 1 0)
(906 1 0)
(907 1 0)
(908 1 0)
(909 1 0)
(910 1 0)
(911 1 0)
(912 1 0)
(913 1 0)
(914 1 0)
(915 1 0)
(916 1 0)
(917 1 0)
(918 1 0)
(919 1 0)
(920 1 0)
(921 1 0)
(922 1 0)
(923 1 0)
(924 1 0)
(925 1 0)
(926 1 0)
(927 1 0)
(928 1 0)
(929 1 0)
(930 1 0)
(931 1 0)
(932 1 0)
(933 1 0)
(934 1 0)
(935 1 0)
(936 1 0)
(937 1 0)
(938 1 0)
(939 1 0)
(940 1 0)
(941 1 0)
(942 1 0)
(943 1 0)
(944 1 0)
(945 1 0)
(946 1 0)
(947 1 0)
(948 1 0)
(949 1 0)
(950 1 0)
(951 1 0)
(952 1 0)
(953 1 0)
(954 1 0)
(955 1 0)
(956 1 0)
(957 1 0)
(958 1 0)
(959 1 0)
(960 1 0)
(961 1 0)
(962 1 0)
(963 1 0)
(964 1 0)
(965 1 0)
(966 1 0)
(967 1 0)
(968 1 0)
(969 1 0)
(970 1 0)
(971 1 0)
(972 1 0)
(973 1 0)
(974 1 0)
(975 1 0)
(976 1 0)
(977 1 0)
(978 1 0)
(979 1 0)
(980 1 0)
(981 1 0)
(982 1 0)
(983 1 0)
(984 1 0)
(985 1 0)
(986 1 0)
(987 1 0)
(988 1 0)
(989 1 0)
(990 1 0)
(991 1 0)
(992 1 0)
(993 1 0)
(994 1 0)
(995 1 0)
(996 1 0)
(997 1 0)
(998 1 0)
(999 1 0)
(1000 1 0)
(-1000 0 0.01)
(-999 0 0.01)
(-998 0 0.01)
(-997 0 0.01)
(-996 0 0.01)
(-995 0 0.01)
(-994 0 0.01)
(-993 0 0.01)
(-992 0 0.01)
(-991 0 0.01)
(-990 0 0.01)
(-989 0 0.01)
(-988 0 0.01)
(-987 0 0.01)
(-986 0 0.01)
(-985 0 0.01)
(-984 0 0.01)
(-983 0 0.01)
(-982 0 0.01)
(-981 0 0.01)
(-980 0 0.01)
(-979 0 0.01)
(-978 0 0.01)
(-977 0 0.01)
(-976 0 0.01)
(-975 0 0.01)
(-974 0 0.01)
(-973 0 0.01)
(-972 0 0.01)
(-971 0 0.01)
(-970 0 0.01)
(-969 0 0.01)
(-968 0 0.01)
(-967 0 0.01)
(-966 0 0.01)
(-965 0 0.01)
(-964 0 0.01)
(-963 0 0.01)
(-962 0 0.01)
(-961 0 0.01)
(-960 0 0.01)
(-959 0 0.01)
(-958 0 0.01)
(-957 0 0.01)
(-956 0 0.01)
(-955 0 0.01)
(-954 0 0.01)
(-953 0 0.01)
(-952 0 0.01)
(-951 0 0.01)
(-950 0 0.01)
(-949 0 0.01)
(-948 0 0.01)
(-947 0 0.01)
(-946 0 0.01)
(-945 0 0.01)
(-944 0 0.01)
(-943 0 0.01)
(-942 0 0.01)
(-941 0 0.01)
(-940 0 0.01)
(-939 0 0.01)
(-938 0 0.01)
(-937 0 0.01)
(-936 0 0.01)
(-935 0 0.01)
(-934 0 0.01)
(-933 0 0.01)
(-932 0 0.01)
(-931 0 0.01)
(-930 0 0.01)
(-929 0 0.01)
(-928 0 0.01)
(-927 0 0.01)
(-926 0 0.01)
(-925 0 0.01)
(-924 0 0.01)
(-923 0 0.01)
(-922 0 0.01)
(-921 0 0.01)
(-920 0 0.01)
(-919 0 0.01)
(-918 0 0.01)
(-917 0 0.01)
(-916 0 0.01)
(-915 0 0.01)
(-914 0 0.01)
(-913 0 0.01)
(-912 0 0.01)
(-911 0 0.01)
(-910 0 0.01)
(-909 0 0.01)
(-908 0 0.01)
(-907 0 0.01)
(-906 0 0.01)
(-905 0 0.01)
(-904 0 0.01)
(-903 0 0.01)
(-902 0 0.01)
(-901 0 0.01)
(-900 0 0.01)
(-899 0 0.01)
(-898 0 0.01)
(-897 0 0.01)
(-896 0 0.01)
(-895 0 0.01)
(-894 0 0.01)
(-893 0 0.01)
(-892 0 0.01)
(-891 0 0.01)
(-890 0 0.01)
(-889 0 0.01)
(-888 0 0.01)
(-887 0 0.01)
(-886 0 0.01)
(-885 0 0.01)
(-884 0 0.01)
(-883 0 0.01)
(-882 0 0.01)
(-881 0 0.01)
(-880 0 0.01)
(-879 0 0.01)
(-878 0 0.01)
(-877 0 0.01)
(-876 0 0.01)
(-875 0 0.01)
(-874 0 0.01)
(-873 0 0.01)
(-872 0 0.01)
(-871 0 0.01)
(-870 0 0.01)
(-869 0 0.01)
(-868 0 0.01)
(-867 0 0.01)
(-866 0 0.01)
(-865 0 0.01)
(-864 0 0.01)
(-863 0 0.01)
(-862 0 0.01)
(-861 0 0.01)
(-860 0 0.01)
(-859 0 0.01)
(-858 0 0.01)
(-857 0 0.01)
(-856 0 0.01)
(-855 0 0.01)
(-854 0 0.01)
(-853 0 0.01)
(-852 0 0.01)
(-851 0 0.01)
(-850 0 0.01)
(-849 0 0.01)
(-848 0 0.01)
(-847 0 0.01)
(-846 0 0.01)
(-845 0 0.01)
(-844 0 0.01)
(-843 0 0.01)
(-842 0 0.01)
(-841 0 0.01)
(-840 0 0.01)
(-839 0 0.01)
(-838 0 0.01)
(-837 0 0.01)
(-836 0 0.01)
(-835 0 0.01)
(-834 0 0.01)
(-833 0 0.01)
(-832 0 0.01)
(-831 0 0.01)
(-830 0 0.01)
(-829 0 0.01)
(-828 0 0.01)
(-827 0 0.01)
(-826 0 0.01)
(-825 0 0.01)
(-824 0 0.01)
(-823 0 0.01)
(-822 0 0.01)
(-821 0 0.01)
(-820 0 0.01)
(-819 0 0.01)
(-818 0 0.01)
(-817 0 0.01)
(-816 0 0.01)
(-815 0 0.01)
(-814 0 0.01)
(-813 0 0.01)
(-812 0 0.01)
(-811 0 0.01)
(-810 0 0.01)
(-809 0 0.01)
(-808 0 0.01)
(-807 0 0.01)
(-806 0 0.01)
(-805 0 0.01)
(-804 0 0.01)
(-803 0 0.01)
(-802 0 0.01)
(-801 0 0.01)
(-800 0 0.01)
(-799 0 0.01)
(-798 0 0.01)
(-797 0 0.01)
(-796 0 0.01)
(-795 0 0.01)
(-794 0 0.01)
(-793 0 0.01)
(-792 0 0.01)
(-791 0 0.01)
(-790 0 0.01)
(-789 0 0.01)
(-788 0 0.01)
(-787 0 0.01)
(-786 0 0.01)
(-785 0 0.01)
(-784 0 0.01)
(-783 0 0.01)
(-782 0 0.01)
(-781 0 0.01)
(-780 0 0.01)
(-779 0 0.01)
(-778 0 0.01)
(-777 0 0.01)
(-776 0 0.01)
(-775 0 0.01)
(-774 0 0.01)
(-773 0 0.01)
(-772 0 0.01)
(-771 0 0.01)
(-770 0 0.01)
(-769 0 0.01)
(-768 0 0.01)
(-767 0 0.01)
(-766 0 0.01)
(-765 0 0.01)
(-764 0 0.01)
(-763 0 0.01)
(-762 0 0.01)
(-761 0 0.01)
(-760 0 0.01)
(-759 0 0.01)
(-758 0 0.01)
(-757 0 0.01)
(-756 0 0.01)
(-755 0 0.01)
(-754 0 0.01)
(-753 0 0.01)
(-752 0 0.01)
(-751 0 0.01)
(-750 0 0.01)
(-749 0 0.01)
(-748 0 0.01)
(-747 0 0.01)
(-746 0 0.01)
(-745 0 0.01)
(-744 0 0.01)
(-743 0 0.01)
(-742 0 0.01)
(-741 0 0.01)
(-740 0 0.01)
(-739 0 0.01)
(-738 0 0.01)
(-737 0 0.01)
(-736 0 0.01)
(-735 0 0.01)
(-734 0 0.01)
(-733 0 0.01)
(-732 0 0.01)
(-731 0 0.01)
(-730 0 0.01)
(-729 0 0.01)
(-728 0 0.01)
(-727 0 0.01)
(-726 0 0.01)
(-725 0 0.01)
(-724 0 0.01)
(-723 0 0.01)
(-722 0 0.01)
(-721 0 0.01)
(-720 0 0.01)
(-719 0 0.01)
(-718 0 0.01)
(-717 0 0.01)
(-716 0 0.01)
(-715 0 0.01)
(-714 0 0.01)
(-713 0 0.01)
(-712 0 0.01)
(-711 0 0.01)
(-710 0 0.01)
(-709 0 0.01)
(-708 0 0.01)
(-707 0 0.01)
(-706 0 0.01)
(-705 0 0.01)
(-704 0 0.01)
(-703 0 0.01)
(-702 0 0.01)
(-701 0 0.01)
(-700 0 0.01)
(-699 0 0.01)
(-698 0 0.01)
(-697 0 0.01)
(-696 0 0.01)
(-695 0 0.01)
(-694 0 0.01)
(-693 0 0.01)
(-692 0 0.01)
(-691 0 0.01)
(-690 0 0.01)
(-689 0 0.01)
(-688 0 0.01)
(-687 0 0.01)
(-686 0 0.01)
(-685 0 0.01)
(-684 0 0.01)
(-683 0 0.01)
(-682 0 0.01)
(-681 0 0.01)
(-680 0 0.01)
(-679 0 0.01)
(-678 0 0.01)
(-677 0 0.01)
(-676 0 0.01)
(-675 0 0.01)
(-674 0 0.01)
(-673 0 0.01)
(-672 0 0.01)
(-671 0 0.01)
(-670 0 0.01)
(-669 0 0.01)
(-668 0 0.01)
(-667 0 0.01)
(-666 0 0.01)
(-665 0 0.01)
(-664 0 0.01)
(-663 0 0.01)
(-662 0 0.01)
(-661 0 0.01)
(-660 0 0.01)
(-659 0 0.01)
(-658 0 0.01)
(-657 0 0.01)
(-656 0 0.01)
(-655 0 0.01)
(-654 0 0.01)
(-653 0 0.01)
(-652 0 0.01)
(-651 0 0.01)
(-650 0 0.01)
(-649 0 0.01)
(-648 0 0.01)
(-647 0 0.01)
(-646 0 0.01)
(-645 0 0.01)
(-644 0 0.01)
(-643 0 0.01)
(-642 0 0.01)
(-641 0 0.01)
(-640 0 0.01)
(-639 0 0.01)
(-638 0 0.01)
(-637 0 0.01)
(-636 0 0.01)
(-635 0 0.01)
(-634 0 0.01)
(-633 0 0.01)
(-632 0 0.01)
(-631 0 0.01)
(-630 0 0.01)
(-629 0 0.01)
(-628 0 0.01)
(-627 0 0.01)
(-626 0 0.01)
(-625 0 0.01)
(-624 0 0.01)
(-623 0 0.01)
(-622 0 0.01)
(-621 0 0.01)
(-620 0 0.01)
(-619 0 0.01)
(-618 0 0.01)
(-617 0 0.01)
(-616 0 0.01)
(-615 0 0.01)
(-614 0 0.01)
(-613 0 0.01)
(-612 0 0.01)
(-611 0 0.01)
(-610 0 0.01)
(-609 0 0.01)
(-608 0 0.01)
(-607 0 0.01)
(-606 0 0.01)
(-605 0 0.01)
(-604 0 0.01)
(-603 0 0.01)
(-602 0 0.01)
(-601 0 0.01)
(-600 0 0.01)
(-599 0 0.01)
(-598 0 0.01)
(-597 0 0.01)
(-596 0 0.01)
(-595 0 0.01)
(-594 0 0.01)
(-593 0 0.01)
(-592 0 0.01)
(-591 0 0.01)
(-590 0 0.01)
(-589 0 0.01)
(-588 0 0.01)
(-587 0 0.01)
(-586 0 0.01)
(-585 0 0.01)
(-584 0 0.01)
(-583 0 0.01)
(-582 0 0.01)
(-581 0 0.01)
(-580 0 0.01)
(-579 0 0.01)
(-578 0 0.01)
(-577 0 0.01)
(-576 0 0.01)
(-575 0 0.01)
(-574 0 0.01)
(-573 0 0.01)
(-572 0 0.01)
(-571 0 0.01)
(-570 0 0.01)
(-569 0 0.01)
(-568 0 0.01)
(-567 0 0.01)
(-566 0 0.01)
(-565 0 0.01)
(-564 0 0.01)
(-563 0 0.01)
(-562 0 0.01)
(-561 0 0.01)
(-560 0 0.01)
(-559 0 0.01)
(-558 0 0.01)
(-557 0 0.01)
(-556 0 0.01)
(-555 0 0.01)
(-554 0 0.01)
(-553 0 0.01)
(-552 0 0.01)
(-551 0 0.01)
(-550 0 0.01)
(-549 0 0.01)
(-548 0 0.01)
(-547 0 0.01)
(-546 0 0.01)
(-545 0 0.01)
(-544 0 0.01)
(-543 0 0.01)
(-542 0 0.01)
(-541 0 0.01)
(-540 0 0.01)
(-539 0 0.01)
(-538 0 0.01)
(-537 0 0.01)
(-536 0 0.01)
(-535 0 0.01)
(-534 0 0.01)
(-533 0 0.01)
(-532 0 0.01)
(-531 0 0.01)
(-530 0 0.01)
(-529 0 0.01)
(-528 0 0.01)
(-527 0 0.01)
(-526 0 0.01)
(-525 0 0.01)
(-524 0 0.01)
(-523 0 0.01)
(-522 0 0.01)
(-521 0 0.01)
(-520 0 0.01)
(-519 0 0.01)
(-518 0 0.01)
(-517 0 0.01)
(-516 0 0.01)
(-515 0 0.01)
(-514 0 0.01)
(-513 0 0.01)
(-512 0 0.01)
(-511 0 0.01)
(-510 0 0.01)
(-509 0 0.01)
(-508 0 0.01)
(-507 0 0.01)
(-506 0 0.01)
(-505 0 0.01)
(-504 0 0.01)
(-503 0 0.01)
(-502 0 0.01)
(-501 0 0.01)
(-500 0 0.01)
(-499 0 0.01)
(-498 0 0.01)
(-497 0 0.01)
(-496 0 0.01)
(-495 0 0.01)
(-494 0 0.01)
(-493 0 0.01)
(-492 0 0.01)
(-491 0 0.01)
(-490 0 0.01)
(-489 0 0.01)
(-488 0 0.01)
(-487 0 0.01)
(-486 0 0.01)
(-485 0 0.01)
(-484 0 0.01)
(-483 0 0.01)
(-482 0 0.01)
(-481 0 0.01)
(-480 0 0.01)
(-479 0 0.01)
(-478 0 0.01)
(-477 0 0.01)
(-476 0 0.01)
(-475 0 0.01)
(-474 0 0.01)
(-473 0 0.01)
(-472 0 0.01)
(-471 0 0.01)
(-470 0 0.01)
(-469 0 0.01)
(-468 0 0.01)
(-467 0 0.01)
(-466 0 0.01)
(-465 0 0.01)
(-464 0 0.01)
(-463 0 0.01)
(-462 0 0.01)
(-461 0 0.01)
(-460 0 0.01)
(-459 0 0.01)
(-458 0 0.01)
(-457 0 0.01)
(-456 0 0.01)
(-455 0 0.01)
(-454 0 0.01)
(-453 0 0.01)
(-452 0 0.01)
(-451 0 0.01)
(-450 0 0.01)
(-449 0 0.01)
(-448 0 0.01)
(-447 0 0.01)
(-446 0 0.01)
(-445 0 0.01)
(-444 0 0.01)
(-443 0 0.01)
(-442 0 0.01)
(-441 0 0.01)
(-440 0 0.01)
(-439 0 0.01)
(-438 0 0.01)
(-437 0 0.01)
(-436 0 0.01)
(-435 0 0.01)
(-434 0 0.01)
(-433 0 0.01)
(-432 0 0.01)
(-431 0 0.01)
(-430 0 0.01)
(-429 0 0.01)
(-428 0 0.01)
(-427 0 0.01)
(-426 0 0.01)
(-425 0 0.01)
(-424 0 0.01)
(-423 0 0.01)
(-422 0 0.01)
(-421 0 0.01)
(-420 0 0.01)
(-419 0 0.01)
(-418 0 0.01)
(-417 0 0.01)
(-416 0 0.01)
(-415 0 0.01)
(-414 0 0.01)
(-413 0 0.01)
(-412 0 0.01)
(-411 0 0.01)
(-410 0 0.01)
(-409 0 0.01)
(-408 0 0.01)
(-407 0 0.01)
(-406 0 0.01)
(-405 0 0.01)
(-404 0 0.01)
(-403 0 0.01)
(-402 0 0.01)
(-401 0 0.01)
(-400 0 0.01)
(-399 0 0.01)
(-398 0 0.01)
(-397 0 0.01)
(-396 0 0.01)
(-395 0 0.01)
(-394 0 0.01)
(-393 0 0.01)
(-392 0 0.01)
(-391 0 0.01)
(-390 0 0.01)
(-389 0 0.01)
(-388 0 0.01)
(-387 0 0.01)
(-386 0 0.01)
(-385 0 0.01)
(-384 0 0.01)
(-383 0 0.01)
(-382 0 0.01)
(-381 0 0.01)
(-380 0 0.01)
(-379 0 0.01)
(-378 0 0.01)
(-377 0 0.01)
(-376 0 0.01)
(-375 0 0.01)
(-374 0 0.01)
(-373 0 0.01)
(-372 0 0.01)
(-371 0 0.01)
(-370 0 0.01)
(-369 0 0.01)
(-368 0 0.01)
(-367 0 0.01)
(-366 0 0.01)
(-365 0 0.01)
(-364 0 0.01)
(-363 0 0.01)
(-362 0 0.01)
(-361 0 0.01)
(-360 0 0.01)
(-359 0 0.01)
(-358 0 0.01)
(-357 0 0.01)
(-356 0 0.01)
(-355 0 0.01)
(-354 0 0.01)
(-353 0 0.01)
(-352 0 0.01)
(-351 0 0.01)
(-350 0 0.01)
(-349 0 0.01)
(-348 0 0.01)
(-347 0 0.01)
(-346 0 0.01)
(-345 0 0.01)
(-344 0 0.01)
(-343 0 0.01)
(-342 0 0.01)
(-341 0 0.01)
(-340 0 0.01)
(-339 0 0.01)
(-338 0 0.01)
(-337 0 0.01)
(-336 0 0.01)
(-335 0 0.01)
(-334 0 0.01)
(-333 0 0.01)
(-332 0 0.01)
(-331 0 0.01)
(-330 0 0.01)
(-329 0 0.01)
(-328 0 0.01)
(-327 0 0.01)
(-326 0 0.01)
(-325 0 0.01)
(-324 0 0.01)
(-323 0 0.01)
(-322 0 0.01)
(-321 0 0.01)
(-320 0 0.01)
(-319 0 0.01)
(-318 0 0.01)
(-317 0 0.01)
(-316 0 0.01)
(-315 0 0.01)
(-314 0 0.01)
(-313 0 0.01)
(-312 0 0.01)
(-311 0 0.01)
(-310 0 0.01)
(-309 0 0.01)
(-308 0 0.01)
(-307 0 0.01)
(-306 0 0.01)
(-305 0 0.01)
(-304 0 0.01)
(-303 0 0.01)
(-302 0 0.01)
(-301 0 0.01)
(-300 0 0.01)
(-299 0 0.01)
(-298 0 0.01)
(-297 0 0.01)
(-296 0 0.01)
(-295 0 0.01)
(-294 0 0.01)
(-293 0 0.01)
(-292 0 0.01)
(-291 0 0.01)
(-290 0 0.01)
(-289 0 0.01)
(-288 0 0.01)
(-287 0 0.01)
(-286 0 0.01)
(-285 0 0.01)
(-284 0 0.01)
(-283 0 0.01)
(-282 0 0.01)
(-281 0 0.01)
(-280 0 0.01)
(-279 0 0.01)
(-278 0 0.01)
(-277 0 0.01)
(-276 0 0.01)
(-275 0 0.01)
(-274 0 0.01)
(-273 0 0.01)
(-272 0 0.01)
(-271 0 0.01)
(-270 0 0.01)
(-269 0 0.01)
(-268 0 0.01)
(-267 0 0.01)
(-266 0 0.01)
(-265 0 0.01)
(-264 0 0.01)
(-263 0 0.01)
(-262 0 0.01)
(-261 0 0.01)
(-260 0 0.01)
(-259 0 0.01)
(-258 0 0.01)
(-257 0 0.01)
(-256 0 0.01)
(-255 0 0.01)
(-254 0 0.01)
(-253 0 0.01)
(-252 0 0.01)
(-251 0 0.01)
(-250 0 0.01)
(-249 0 0.01)
(-248 0 0.01)
(-247 0 0.01)
(-246 0 0.01)
(-245 0 0.01)
(-244 0 0.01)
(-243 0 0.01)
(-242 0 0.01)
(-241 0 0.01)
(-240 0 0.01)
(-239 0 0.01)
(-238 0 0.01)
(-237 0 0.01)
(-236 0 0.01)
(-235 0 0.01)
(-234 0 0.01)
(-233 0 0.01)
(-232 0 0.01)
(-231 0 0.01)
(-230 0 0.01)
(-229 0 0.01)
(-228 0 0.01)
(-227 0 0.01)
(-226 0 0.01)
(-225 0 0.01)
(-224 0 0.01)
(-223 0 0.01)
(-222 0 0.01)
(-221 0 0.01)
(-220 0 0.01)
(-219 0 0.01)
(-218 0 0.01)
(-217 0 0.01)
(-216 0 0.01)
(-215 0 0.01)
(-214 0 0.01)
(-213 0 0.01)
(-212 0 0.01)
(-211 0 0.01)
(-210 0 0.01)
(-209 0 0.01)
(-208 0 0.01)
(-207 0 0.01)
(-206 0 0.01)
(-205 0 0.01)
(-204 0 0.01)
(-203 0 0.01)
(-202 0 0.01)
(-201 0 0.01)
(-200 0 0.01)
(-199 0 0.01)
(-198 0 0.01)
(-197 0 0.01)
(-196 0 0.01)
(-195 0 0.01)
(-194 0 0.01)
(-193 0 0.01)
(-192 0 0.01)
(-191 0 0.01)
(-190 0 0.01)
(-189 0 0.01)
(-188 0 0.01)
(-187 0 0.01)
(-186 0 0.01)
(-185 0 0.01)
(-184 0 0.01)
(-183 0 0.01)
(-182 0 0.01)
(-181 0 0.01)
(-180 0 0.01)
(-179 0 0.01)
(-178 0 0.01)
(-177 0 0.01)
(-176 0 0.01)
(-175 0 0.01)
(-174 0 0.01)
(-173 0 0.01)
(-172 0 0.01)
(-171 0 0.01)
(-170 0 0.01)
(-169 0 0.01)
(-168 0 0.01)
(-167 0 0.01)
(-166 0 0.01)
(-165 0 0.01)
(-164 0 0.01)
(-163 0 0.01)
(-162 0 0.01)
(-161 0 0.01)
(-160 0 0.01)
(-159 0 0.01)
(-158 0 0.01)
(-157 0 0.01)
(-156 0 0.01)
(-155 0 0.01)
(-154 0 0.01)
(-153 0 0.01)
(-152 0 0.01)
(-151 0 0.01)
(-150 0 0.01)
(-149 0 0.01)
(-148 0 0.01)
(-147 0 0.01)
(-146 0 0.01)
(-145 0 0.01)
(-144 0 0.01)
(-143 0 0.01)
(-142 0 0.01)
(-141 0 0.01)
(-140 0 0.01)
(-139 0 0.01)
(-138 0 0.01)
(-137 0 0.01)
(-136 0 0.01)
(-135 0 0.01)
(-134 0 0.01)
(-133 0 0.01)
(-132 0 0.01)
(-131 0 0.01)
(-130 0 0.01)
(-129 0 0.01)
(-128 0 0.01)
(-127 0 0.01)
(-126 0 0.01)
(-125 0 0.01)
(-124 0 0.01)
(-123 0 0.01)
(-122 0 0.01)
(-121 0 0.01)
(-120 0 0.01)
(-119 0 0.01)
(-118 0 0.01)
(-117 0 0.01)
(-116 0 0.01)
(-115 0 0.01)
(-114 0 0.01)
(-113 0 0.01)
(-112 0 0.01)
(-111 0 0.01)
(-110 0 0.01)
(-109 0 0.01)
(-108 0 0.01)
(-107 0 0.01)
(-106 0 0.01)
(-105 0 0.01)
(-104 0 0.01)
(-103 0 0.01)
(-102 0 0.01)
(-101 0 0.01)
(-100 0 0.01)
(-99 0 0.01)
(-98 0 0.01)
(-97 0 0.01)
(-96 0 0.01)
(-95 0 0.01)
(-94 0 0.01)
(-93 0 0.01)
(-92 0 0.01)
(-91 0 0.01)
(-90 0 0.01)
(-89 0 0.01)
(-88 0 0.01)
(-87 0 0.01)
(-86 0 0.01)
(-85 0 0.01)
(-84 0 0.01)
(-83 0 0.01)
(-82 0 0.01)
(-81 0 0.01)
(-80 0 0.01)
(-79 0 0.01)
(-78 0 0.01)
(-77 0 0.01)
(-76 0 0.01)
(-75 0 0.01)
(-74 0 0.01)
(-73 0 0.01)
(-72 0 0.01)
(-71 0 0.01)
(-70 0 0.01)
(-69 0 0.01)
(-68 0 0.01)
(-67 0 0.01)
(-66 0 0.01)
(-65 0 0.01)
(-64 0 0.01)
(-63 0 0.01)
(-62 0 0.01)
(-61 0 0.01)
(-60 0 0.01)
(-59 0 0.01)
(-58 0 0.01)
(-57 0 0.01)
(-56 0 0.01)
(-55 0 0.01)
(-54 0 0.01)
(-53 0 0.01)
(-52 0 0.01)
(-51 0 0.01)
(-50 0 0.01)
(-49 0 0.01)
(-48 0 0.01)
(-47 0 0.01)
(-46 0 0.01)
(-45 0 0.01)
(-44 0 0.01)
(-43 0 0.01)
(-42 0 0.01)
(-41 0 0.01)
(-40 0 0.01)
(-39 0 0.01)
(-38 0 0.01)
(-37 0 0.01)
(-36 0 0.01)
(-35 0 0.01)
(-34 0 0.01)
(-33 0 0.01)
(-32 0 0.01)
(-31 0 0.01)
(-30 0 0.01)
(-29 0 0.01)
(-28 0 0.01)
(-27 0 0.01)
(-26 0 0.01)
(-25 0 0.01)
(-24 0 0.01)
(-23 0 0.01)
(-22 0 0.01)
(-21 0 0.01)
(-20 0 0.01)
(-19 0 0.01)
(-18 0 0.01)
(-17 0 0.01)
(-16 0 0.01)
(-15 0 0.01)
(-14 0 0.01)
(-13 0 0.01)
(-12 0 0.01)
(-11 0 0.01)
(-10 0 0.01)
(-9 0 0.01)
(-8 0 0.01)
(-7 0 0.01)
(-6 0 0.01)
(-5 0 0.01)
(-4 0 0.01)
(-3 0 0.01)
(-2 0 0.01)
(-1 0 0.01)
(0 0 0.01)
(1 0 0.01)
(2 0 0.01)
(3 0 0.01)
(4 0 0.01)
(5 0 0.01)
(6 0 0.01)
(7 0 0.01)
(8 0 0.01)
(9 0 0.01)
(10 0 0.01)
(11 0 0.01)
(12 0 0.01)
(13 0 0.01)
(14 0 0.01)
(15 0 0.01)
(16 0 0.01)
(17 0 0.01)
(18 0 0.01)
(19 0 0.01)
(20 0 0.01)
(21 0 0.01)
(22 0 0.01)
(23 0 0.01)
(24 0 0.01)
(25 0 0.01)
(26 0 0.01)
(27 0 0.01)
(28 0 0.01)
(29 0 0.01)
(30 0 0.01)
(31 0 0.01)
(32 0 0.01)
(33 0 0.01)
(34 0 0.01)
(35 0 0.01)
(36 0 0.01)
(37 0 0.01)
(38 0 0.01)
(39 0 0.01)
(40 0 0.01)
(41 0 0.01)
(42 0 0.01)
(43 0 0.01)
(44 0 0.01)
(45 0 0.01)
(46 0 0.01)
(47 0 0.01)
(48 0 0.01)
(49 0 0.01)
(50 0 0.01)
(51 0 0.01)
(52 0 0.01)
(53 0 0.01)
(54 0 0.01)
(55 0 0.01)
(56 0 0.01)
(57 0 0.01)
(58 0 0.01)
(59 0 0.01)
(60 0 0.01)
(61 0 0.01)
(62 0 0.01)
(63 0 0.01)
(64 0 0.01)
(65 0 0.01)
(66 0 0.01)
(67 0 0.01)
(68 0 0.01)
(69 0 0.01)
(70 0 0.01)
(71 0 0.01)
(72 0 0.01)
(73 0 0.01)
(74 0 0.01)
(75 0 0.01)
(76 0 0.01)
(77 0 0.01)
(78 0 0.01)
(79 0 0.01)
(80 0 0.01)
(81 0 0.01)
(82 0 0.01)
(83 0 0.01)
(84 0 0.01)
(85 0 0.01)
(86 0 0.01)
(87 0 0.01)
(88 0 0.01)
(89 0 0.01)
(90 0 0.01)
(91 0 0.01)
(92 0 0.01)
(93 0 0.01)
(94 0 0.01)
(95 0 0.01)
(96 0 0.01)
(97 0 0.01)
(98 0 0.01)
(99 0 0.01)
(100 0 0.01)
(101 0 0.01)
(102 0 0.01)
(103 0 0.01)
(104 0 0.01)
(105 0 0.01)
(106 0 0.01)
(107 0 0.01)
(108 0 0.01)
(109 0 0.01)
(110 0 0.01)
(111 0 0.01)
(112 0 0.01)
(113 0 0.01)
(114 0 0.01)
(115 0 0.01)
(116 0 0.01)
(117 0 0.01)
(118 0 0.01)
(119 0 0.01)
(120 0 0.01)
(121 0 0.01)
(122 0 0.01)
(123 0 0.01)
(124 0 0.01)
(125 0 0.01)
(126 0 0.01)
(127 0 0.01)
(128 0 0.01)
(129 0 0.01)
(130 0 0.01)
(131 0 0.01)
(132 0 0.01)
(133 0 0.01)
(134 0 0.01)
(135 0 0.01)
(136 0 0.01)
(137 0 0.01)
(138 0 0.01)
(139 0 0.01)
(140 0 0.01)
(141 0 0.01)
(142 0 0.01)
(143 0 0.01)
(144 0 0.01)
(145 0 0.01)
(146 0 0.01)
(147 0 0.01)
(148 0 0.01)
(149 0 0.01)
(150 0 0.01)
(151 0 0.01)
(152 0 0.01)
(153 0 0.01)
(154 0 0.01)
(155 0 0.01)
(156 0 0.01)
(157 0 0.01)
(158 0 0.01)
(159 0 0.01)
(160 0 0.01)
(161 0 0.01)
(162 0 0.01)
(163 0 0.01)
(164 0 0.01)
(165 0 0.01)
(166 0 0.01)
(167 0 0.01)
(168 0 0.01)
(169 0 0.01)
(170 0 0.01)
(171 0 0.01)
(172 0 0.01)
(173 0 0.01)
(174 0 0.01)
(175 0 0.01)
(176 0 0.01)
(177 0 0.01)
(178 0 0.01)
(179 0 0.01)
(180 0 0.01)
(181 0 0.01)
(182 0 0.01)
(183 0 0.01)
(184 0 0.01)
(185 0 0.01)
(186 0 0.01)
(187 0 0.01)
(188 0 0.01)
(189 0 0.01)
(190 0 0.01)
(191 0 0.01)
(192 0 0.01)
(193 0 0.01)
(194 0 0.01)
(195 0 0.01)
(196 0 0.01)
(197 0 0.01)
(198 0 0.01)
(199 0 0.01)
(200 0 0.01)
(201 0 0.01)
(202 0 0.01)
(203 0 0.01)
(204 0 0.01)
(205 0 0.01)
(206 0 0.01)
(207 0 0.01)
(208 0 0.01)
(209 0 0.01)
(210 0 0.01)
(211 0 0.01)
(212 0 0.01)
(213 0 0.01)
(214 0 0.01)
(215 0 0.01)
(216 0 0.01)
(217 0 0.01)
(218 0 0.01)
(219 0 0.01)
(220 0 0.01)
(221 0 0.01)
(222 0 0.01)
(223 0 0.01)
(224 0 0.01)
(225 0 0.01)
(226 0 0.01)
(227 0 0.01)
(228 0 0.01)
(229 0 0.01)
(230 0 0.01)
(231 0 0.01)
(232 0 0.01)
(233 0 0.01)
(234 0 0.01)
(235 0 0.01)
(236 0 0.01)
(237 0 0.01)
(238 0 0.01)
(239 0 0.01)
(240 0 0.01)
(241 0 0.01)
(242 0 0.01)
(243 0 0.01)
(244 0 0.01)
(245 0 0.01)
(246 0 0.01)
(247 0 0.01)
(248 0 0.01)
(249 0 0.01)
(250 0 0.01)
(251 0 0.01)
(252 0 0.01)
(253 0 0.01)
(254 0 0.01)
(255 0 0.01)
(256 0 0.01)
(257 0 0.01)
(258 0 0.01)
(259 0 0.01)
(260 0 0.01)
(261 0 0.01)
(262 0 0.01)
(263 0 0.01)
(264 0 0.01)
(265 0 0.01)
(266 0 0.01)
(267 0 0.01)
(268 0 0.01)
(269 0 0.01)
(270 0 0.01)
(271 0 0.01)
(272 0 0.01)
(273 0 0.01)
(274 0 0.01)
(275 0 0.01)
(276 0 0.01)
(277 0 0.01)
(278 0 0.01)
(279 0 0.01)
(280 0 0.01)
(281 0 0.01)
(282 0 0.01)
(283 0 0.01)
(284 0 0.01)
(285 0 0.01)
(286 0 0.01)
(287 0 0.01)
(288 0 0.01)
(289 0 0.01)
(290 0 0.01)
(291 0 0.01)
(292 0 0.01)
(293 0 0.01)
(294 0 0.01)
(295 0 0.01)
(296 0 0.01)
(297 0 0.01)
(298 0 0.01)
(299 0 0.01)
(300 0 0.01)
(301 0 0.01)
(302 0 0.01)
(303 0 0.01)
(304 0 0.01)
(305 0 0.01)
(306 0 0.01)
(307 0 0.01)
(308 0 0.01)
(309 0 0.01)
(310 0 0.01)
(311 0 0.01)
(312 0 0.01)
(313 0 0.01)
(314 0 0.01)
(315 0 0.01)
(316 0 0.01)
(317 0 0.01)
(318 0 0.01)
(319 0 0.01)
(320 0 0.01)
(321 0 0.01)
(322 0 0.01)
(323 0 0.01)
(324 0 0.01)
(325 0 0.01)
(326 0 0.01)
(327 0 0.01)
(328 0 0.01)
(329 0 0.01)
(330 0 0.01)
(331 0 0.01)
(332 0 0.01)
(333 0 0.01)
(334 0 0.01)
(335 0 0.01)
(336 0 0.01)
(337 0 0.01)
(338 0 0.01)
(339 0 0.01)
(340 0 0.01)
(341 0 0.01)
(342 0 0.01)
(343 0 0.01)
(344 0 0.01)
(345 0 0.01)
(346 0 0.01)
(347 0 0.01)
(348 0 0.01)
(349 0 0.01)
(350 0 0.01)
(351 0 0.01)
(352 0 0.01)
(353 0 0.01)
(354 0 0.01)
(355 0 0.01)
(356 0 0.01)
(357 0 0.01)
(358 0 0.01)
(359 0 0.01)
(360 0 0.01)
(361 0 0.01)
(362 0 0.01)
(363 0 0.01)
(364 0 0.01)
(365 0 0.01)
(366 0 0.01)
(367 0 0.01)
(368 0 0.01)
(369 0 0.01)
(370 0 0.01)
(371 0 0.01)
(372 0 0.01)
(373 0 0.01)
(374 0 0.01)
(375 0 0.01)
(376 0 0.01)
(377 0 0.01)
(378 0 0.01)
(379 0 0.01)
(380 0 0.01)
(381 0 0.01)
(382 0 0.01)
(383 0 0.01)
(384 0 0.01)
(385 0 0.01)
(386 0 0.01)
(387 0 0.01)
(388 0 0.01)
(389 0 0.01)
(390 0 0.01)
(391 0 0.01)
(392 0 0.01)
(393 0 0.01)
(394 0 0.01)
(395 0 0.01)
(396 0 0.01)
(397 0 0.01)
(398 0 0.01)
(399 0 0.01)
(400 0 0.01)
(401 0 0.01)
(402 0 0.01)
(403 0 0.01)
(404 0 0.01)
(405 0 0.01)
(406 0 0.01)
(407 0 0.01)
(408 0 0.01)
(409 0 0.01)
(410 0 0.01)
(411 0 0.01)
(412 0 0.01)
(413 0 0.01)
(414 0 0.01)
(415 0 0.01)
(416 0 0.01)
(417 0 0.01)
(418 0 0.01)
(419 0 0.01)
(420 0 0.01)
(421 0 0.01)
(422 0 0.01)
(423 0 0.01)
(424 0 0.01)
(425 0 0.01)
(426 0 0.01)
(427 0 0.01)
(428 0 0.01)
(429 0 0.01)
(430 0 0.01)
(431 0 0.01)
(432 0 0.01)
(433 0 0.01)
(434 0 0.01)
(435 0 0.01)
(436 0 0.01)
(437 0 0.01)
(438 0 0.01)
(439 0 0.01)
(440 0 0.01)
(441 0 0.01)
(442 0 0.01)
(443 0 0.01)
(444 0 0.01)
(445 0 0.01)
(446 0 0.01)
(447 0 0.01)
(448 0 0.01)
(449 0 0.01)
(450 0 0.01)
(451 0 0.01)
(452 0 0.01)
(453 0 0.01)
(454 0 0.01)
(455 0 0.01)
(456 0 0.01)
(457 0 0.01)
(458 0 0.01)
(459 0 0.01)
(460 0 0.01)
(461 0 0.01)
(462 0 0.01)
(463 0 0.01)
(464 0 0.01)
(465 0 0.01)
(466 0 0.01)
(467 0 0.01)
(468 0 0.01)
(469 0 0.01)
(470 0 0.01)
(471 0 0.01)
(472 0 0.01)
(473 0 0.01)
(474 0 0.01)
(475 0 0.01)
(476 0 0.01)
(477 0 0.01)
(478 0 0.01)
(479 0 0.01)
(480 0 0.01)
(481 0 0.01)
(482 0 0.01)
(483 0 0.01)
(484 0 0.01)
(485 0 0.01)
(486 0 0.01)
(487 0 0.01)
(488 0 0.01)
(489 0 0.01)
(490 0 0.01)
(491 0 0.01)
(492 0 0.01)
(493 0 0.01)
(494 0 0.01)
(495 0 0.01)
(496 0 0.01)
(497 0 0.01)
(498 0 0.01)
(499 0 0.01)
(500 0 0.01)
(501 0 0.01)
(502 0 0.01)
(503 0 0.01)
(504 0 0.01)
(505 0 0.01)
(506 0 0.01)
(507 0 0.01)
(508 0 0.01)
(509 0 0.01)
(510 0 0.01)
(511 0 0.01)
(512 0 0.01)
(513 0 0.01)
(514 0 0.01)
(515 0 0.01)
(516 0 0.01)
(517 0 0.01)
(518 0 0.01)
(519 0 0.01)
(520 0 0.01)
(521 0 0.01)
(522 0 0.01)
(523 0 0.01)
(524 0 0.01)
(525 0 0.01)
(526 0 0.01)
(527 0 0.01)
(528 0 0.01)
(529 0 0.01)
(530 0 0.01)
(531 0 0.01)
(532 0 0.01)
(533 0 0.01)
(534 0 0.01)
(535 0 0.01)
(536 0 0.01)
(537 0 0.01)
(538 0 0.01)
(539 0 0.01)
(540 0 0.01)
(541 0 0.01)
(542 0 0.01)
(543 0 0.01)
(544 0 0.01)
(545 0 0.01)
(546 0 0.01)
(547 0 0.01)
(548 0 0.01)
(549 0 0.01)
(550 0 0.01)
(551 0 0.01)
(552 0 0.01)
(553 0 0.01)
(554 0 0.01)
(555 0 0.01)
(556 0 0.01)
(557 0 0.01)
(558 0 0.01)
(559 0 0.01)
(560 0 0.01)
(561 0 0.01)
(562 0 0.01)
(563 0 0.01)
(564 0 0.01)
(565 0 0.01)
(566 0 0.01)
(567 0 0.01)
(568 0 0.01)
(569 0 0.01)
(570 0 0.01)
(571 0 0.01)
(572 0 0.01)
(573 0 0.01)
(574 0 0.01)
(575 0 0.01)
(576 0 0.01)
(577 0 0.01)
(578 0 0.01)
(579 0 0.01)
(580 0 0.01)
(581 0 0.01)
(582 0 0.01)
(583 0 0.01)
(584 0 0.01)
(585 0 0.01)
(586 0 0.01)
(587 0 0.01)
(588 0 0.01)
(589 0 0.01)
(590 0 0.01)
(591 0 0.01)
(592 0 0.01)
(593 0 0.01)
(594 0 0.01)
(595 0 0.01)
(596 0 0.01)
(597 0 0.01)
(598 0 0.01)
(599 0 0.01)
(600 0 0.01)
(601 0 0.01)
(602 0 0.01)
(603 0 0.01)
(604 0 0.01)
(605 0 0.01)
(606 0 0.01)
(607 0 0.01)
(608 0 0.01)
(609 0 0.01)
(610 0 0.01)
(611 0 0.01)
(612 0 0.01)
(613 0 0.01)
(614 0 0.01)
(615 0 0.01)
(616 0 0.01)
(617 0 0.01)
(618 0 0.01)
(619 0 0.01)
(620 0 0.01)
(621 0 0.01)
(622 0 0.01)
(623 0 0.01)
(624 0 0.01)
(625 0 0.01)
(626 0 0.01)
(627 0 0.01)
(628 0 0.01)
(629 0 0.01)
(630 0 0.01)
(631 0 0.01)
(632 0 0.01)
(633 0 0.01)
(634 0 0.01)
(635 0 0.01)
(636 0 0.01)
(637 0 0.01)
(638 0 0.01)
(639 0 0.01)
(640 0 0.01)
(641 0 0.01)
(642 0 0.01)
(643 0 0.01)
(644 0 0.01)
(645 0 0.01)
(646 0 0.01)
(647 0 0.01)
(648 0 0.01)
(649 0 0.01)
(650 0 0.01)
(651 0 0.01)
(652 0 0.01)
(653 0 0.01)
(654 0 0.01)
(655 0 0.01)
(656 0 0.01)
(657 0 0.01)
(658 0 0.01)
(659 0 0.01)
(660 0 0.01)
(661 0 0.01)
(662 0 0.01)
(663 0 0.01)
(664 0 0.01)
(665 0 0.01)
(666 0 0.01)
(667 0 0.01)
(668 0 0.01)
(669 0 0.01)
(670 0 0.01)
(671 0 0.01)
(672 0 0.01)
(673 0 0.01)
(674 0 0.01)
(675 0 0.01)
(676 0 0.01)
(677 0 0.01)
(678 0 0.01)
(679 0 0.01)
(680 0 0.01)
(681 0 0.01)
(682 0 0.01)
(683 0 0.01)
(684 0 0.01)
(685 0 0.01)
(686 0 0.01)
(687 0 0.01)
(688 0 0.01)
(689 0 0.01)
(690 0 0.01)
(691 0 0.01)
(692 0 0.01)
(693 0 0.01)
(694 0 0.01)
(695 0 0.01)
(696 0 0.01)
(697 0 0.01)
(698 0 0.01)
(699 0 0.01)
(700 0 0.01)
(701 0 0.01)
(702 0 0.01)
(703 0 0.01)
(704 0 0.01)
(705 0 0.01)
(706 0 0.01)
(707 0 0.01)
(708 0 0.01)
(709 0 0.01)
(710 0 0.01)
(711 0 0.01)
(712 0 0.01)
(713 0 0.01)
(714 0 0.01)
(715 0 0.01)
(716 0 0.01)
(717 0 0.01)
(718 0 0.01)
(719 0 0.01)
(720 0 0.01)
(721 0 0.01)
(722 0 0.01)
(723 0 0.01)
(724 0 0.01)
(725 0 0.01)
(726 0 0.01)
(727 0 0.01)
(728 0 0.01)
(729 0 0.01)
(730 0 0.01)
(731 0 0.01)
(732 0 0.01)
(733 0 0.01)
(734 0 0.01)
(735 0 0.01)
(736 0 0.01)
(737 0 0.01)
(738 0 0.01)
(739 0 0.01)
(740 0 0.01)
(741 0 0.01)
(742 0 0.01)
(743 0 0.01)
(744 0 0.01)
(745 0 0.01)
(746 0 0.01)
(747 0 0.01)
(748 0 0.01)
(749 0 0.01)
(750 0 0.01)
(751 0 0.01)
(752 0 0.01)
(753 0 0.01)
(754 0 0.01)
(755 0 0.01)
(756 0 0.01)
(757 0 0.01)
(758 0 0.01)
(759 0 0.01)
(760 0 0.01)
(761 0 0.01)
(762 0 0.01)
(763 0 0.01)
(764 0 0.01)
(765 0 0.01)
(766 0 0.01)
(767 0 0.01)
(768 0 0.01)
(769 0 0.01)
(770 0 0.01)
(771 0 0.01)
(772 0 0.01)
(773 0 0.01)
(774 0 0.01)
(775 0 0.01)
(776 0 0.01)
(777 0 0.01)
(778 0 0.01)
(779 0 0.01)
(780 0 0.01)
(781 0 0.01)
(782 0 0.01)
(783 0 0.01)
(784 0 0.01)
(785 0 0.01)
(786 0 0.01)
(787 0 0.01)
(788 0 0.01)
(789 0 0.01)
(790 0 0.01)
(791 0 0.01)
(792 0 0.01)
(793 0 0.01)
(794 0 0.01)
(795 0 0.01)
(796 0 0.01)
(797 0 0.01)
(798 0 0.01)
(799 0 0.01)
(800 0 0.01)
(801 0 0.01)
(802 0 0.01)
(803 0 0.01)
(804 0 0.01)
(805 0 0.01)
(806 0 0.01)
(807 0 0.01)
(808 0 0.01)
(809 0 0.01)
(810 0 0.01)
(811 0 0.01)
(812 0 0.01)
(813 0 0.01)
(814 0 0.01)
(815 0 0.01)
(816 0 0.01)
(817 0 0.01)
(818 0 0.01)
(819 0 0.01)
(820 0 0.01)
(821 0 0.01)
(822 0 0.01)
(823 0 0.01)
(824 0 0.01)
(825 0 0.01)
(826 0 0.01)
(827 0 0.01)
(828 0 0.01)
(829 0 0.01)
(830 0 0.01)
(831 0 0.01)
(832 0 0.01)
(833 0 0.01)
(834 0 0.01)
(835 0 0.01)
(836 0 0.01)
(837 0 0.01)
(838 0 0.01)
(839 0 0.01)
(840 0 0.01)
(841 0 0.01)
(842 0 0.01)
(843 0 0.01)
(844 0 0.01)
(845 0 0.01)
(846 0 0.01)
(847 0 0.01)
(848 0 0.01)
(849 0 0.01)
(850 0 0.01)
(851 0 0.01)
(852 0 0.01)
(853 0 0.01)
(854 0 0.01)
(855 0 0.01)
(856 0 0.01)
(857 0 0.01)
(858 0 0.01)
(859 0 0.01)
(860 0 0.01)
(861 0 0.01)
(862 0 0.01)
(863 0 0.01)
(864 0 0.01)
(865 0 0.01)
(866 0 0.01)
(867 0 0.01)
(868 0 0.01)
(869 0 0.01)
(870 0 0.01)
(871 0 0.01)
(872 0 0.01)
(873 0 0.01)
(874 0 0.01)
(875 0 0.01)
(876 0 0.01)
(877 0 0.01)
(878 0 0.01)
(879 0 0.01)
(880 0 0.01)
(881 0 0.01)
(882 0 0.01)
(883 0 0.01)
(884 0 0.01)
(885 0 0.01)
(886 0 0.01)
(887 0 0.01)
(888 0 0.01)
(889 0 0.01)
(890 0 0.01)
(891 0 0.01)
(892 0 0.01)
(893 0 0.01)
(894 0 0.01)
(895 0 0.01)
(896 0 0.01)
(897 0 0.01)
(898 0 0.01)
(899 0 0.01)
(900 0 0.01)
(901 0 0.01)
(902 0 0.01)
(903 0 0.01)
(904 0 0.01)
(905 0 0.01)
(906 0 0.01)
(907 0 0.01)
(908 0 0.01)
(909 0 0.01)
(910 0 0.01)
(911 0 0.01)
(912 0 0.01)
(913 0 0.01)
(914 0 0.01)
(915 0 0.01)
(916 0 0.01)
(917 0 0.01)
(918 0 0.01)
(919 0 0.01)
(920 0 0.01)
(921 0 0.01)
(922 0 0.01)
(923 0 0.01)
(924 0 0.01)
(925 0 0.01)
(926 0 0.01)
(927 0 0.01)
(928 0 0.01)
(929 0 0.01)
(930 0 0.01)
(931 0 0.01)
(932 0 0.01)
(933 0 0.01)
(934 0 0.01)
(935 0 0.01)
(936 0 0.01)
(937 0 0.01)
(938 0 0.01)
(939 0 0.01)
(940 0 0.01)
(941 0 0.01)
(942 0 0.01)
(943 0 0.01)
(944 0 0.01)
(945 0 0.01)
(946 0 0.01)
(947 0 0.01)
(948 0 0.01)
(949 0 0.01)
(950 0 0.01)
(951 0 0.01)
(952 0 0.01)
(953 0 0.01)
(954 0 0.01)
(955 0 0.01)
(956 0 0.01)
(957 0 0.01)
(958 0 0.01)
(959 0 0.01)
(960 0 0.01)
(961 0 0.01)
(962 0 0.01)
(963 0 0.01)
(964 0 0.01)
(965 0 0.01)
(966 0 0.01)
(967 0 0.01)
(968 0 0.01)
(969 0 0.01)
(970 0 0.01)
(971 0 0.01)
(972 0 0.01)
(973 0 0.01)
(974 0 0.01)
(975 0 0.01)
(976 0 0.01)
(977 0 0.01)
(978 0 0.01)
(979 0 0.01)
(980 0 0.01)
(981 0 0.01)
(982 0 0.01)
(983 0 0.01)
(984 0 0.01)
(985 0 0.01)
(986 0 0.01)
(987 0 0.01)
(988 0 0.01)
(989 0 0.01)
(990 0 0.01)
(991 0 0.01)
(992 0 0.01)
(993 0 0.01)
(994 0 0.01)
(995 0 0.01)
(996 0 0.01)
(997 0 0.01)
(998 0 0.01)
(999 0 0.01)
(1000 0 0.01)
(-1000 1 0.01)
(-999 1 0.01)
(-998 1 0.01)
(-997 1 0.01)
(-996 1 0.01)
(-995 1 0.01)
(-994 1 0.01)
(-993 1 0.01)
(-992 1 0.01)
(-991 1 0.01)
(-990 1 0.01)
(-989 1 0.01)
(-988 1 0.01)
(-987 1 0.01)
(-986 1 0.01)
(-985 1 0.01)
(-984 1 0.01)
(-983 1 0.01)
(-982 1 0.01)
(-981 1 0.01)
(-980 1 0.01)
(-979 1 0.01)
(-978 1 0.01)
(-977 1 0.01)
(-976 1 0.01)
(-975 1 0.01)
(-974 1 0.01)
(-973 1 0.01)
(-972 1 0.01)
(-971 1 0.01)
(-970 1 0.01)
(-969 1 0.01)
(-968 1 0.01)
(-967 1 0.01)
(-966 1 0.01)
(-965 1 0.01)
(-964 1 0.01)
(-963 1 0.01)
(-962 1 0.01)
(-961 1 0.01)
(-960 1 0.01)
(-959 1 0.01)
(-958 1 0.01)
(-957 1 0.01)
(-956 1 0.01)
(-955 1 0.01)
(-954 1 0.01)
(-953 1 0.01)
(-952 1 0.01)
(-951 1 0.01)
(-950 1 0.01)
(-949 1 0.01)
(-948 1 0.01)
(-947 1 0.01)
(-946 1 0.01)
(-945 1 0.01)
(-944 1 0.01)
(-943 1 0.01)
(-942 1 0.01)
(-941 1 0.01)
(-940 1 0.01)
(-939 1 0.01)
(-938 1 0.01)
(-937 1 0.01)
(-936 1 0.01)
(-935 1 0.01)
(-934 1 0.01)
(-933 1 0.01)
(-932 1 0.01)
(-931 1 0.01)
(-930 1 0.01)
(-929 1 0.01)
(-928 1 0.01)
(-927 1 0.01)
(-926 1 0.01)
(-925 1 0.01)
(-924 1 0.01)
(-923 1 0.01)
(-922 1 0.01)
(-921 1 0.01)
(-920 1 0.01)
(-919 1 0.01)
(-918 1 0.01)
(-917 1 0.01)
(-916 1 0.01)
(-915 1 0.01)
(-914 1 0.01)
(-913 1 0.01)
(-912 1 0.01)
(-911 1 0.01)
(-910 1 0.01)
(-909 1 0.01)
(-908 1 0.01)
(-907 1 0.01)
(-906 1 0.01)
(-905 1 0.01)
(-904 1 0.01)
(-903 1 0.01)
(-902 1 0.01)
(-901 1 0.01)
(-900 1 0.01)
(-899 1 0.01)
(-898 1 0.01)
(-897 1 0.01)
(-896 1 0.01)
(-895 1 0.01)
(-894 1 0.01)
(-893 1 0.01)
(-892 1 0.01)
(-891 1 0.01)
(-890 1 0.01)
(-889 1 0.01)
(-888 1 0.01)
(-887 1 0.01)
(-886 1 0.01)
(-885 1 0.01)
(-884 1 0.01)
(-883 1 0.01)
(-882 1 0.01)
(-881 1 0.01)
(-880 1 0.01)
(-879 1 0.01)
(-878 1 0.01)
(-877 1 0.01)
(-876 1 0.01)
(-875 1 0.01)
(-874 1 0.01)
(-873 1 0.01)
(-872 1 0.01)
(-871 1 0.01)
(-870 1 0.01)
(-869 1 0.01)
(-868 1 0.01)
(-867 1 0.01)
(-866 1 0.01)
(-865 1 0.01)
(-864 1 0.01)
(-863 1 0.01)
(-862 1 0.01)
(-861 1 0.01)
(-860 1 0.01)
(-859 1 0.01)
(-858 1 0.01)
(-857 1 0.01)
(-856 1 0.01)
(-855 1 0.01)
(-854 1 0.01)
(-853 1 0.01)
(-852 1 0.01)
(-851 1 0.01)
(-850 1 0.01)
(-849 1 0.01)
(-848 1 0.01)
(-847 1 0.01)
(-846 1 0.01)
(-845 1 0.01)
(-844 1 0.01)
(-843 1 0.01)
(-842 1 0.01)
(-841 1 0.01)
(-840 1 0.01)
(-839 1 0.01)
(-838 1 0.01)
(-837 1 0.01)
(-836 1 0.01)
(-835 1 0.01)
(-834 1 0.01)
(-833 1 0.01)
(-832 1 0.01)
(-831 1 0.01)
(-830 1 0.01)
(-829 1 0.01)
(-828 1 0.01)
(-827 1 0.01)
(-826 1 0.01)
(-825 1 0.01)
(-824 1 0.01)
(-823 1 0.01)
(-822 1 0.01)
(-821 1 0.01)
(-820 1 0.01)
(-819 1 0.01)
(-818 1 0.01)
(-817 1 0.01)
(-816 1 0.01)
(-815 1 0.01)
(-814 1 0.01)
(-813 1 0.01)
(-812 1 0.01)
(-811 1 0.01)
(-810 1 0.01)
(-809 1 0.01)
(-808 1 0.01)
(-807 1 0.01)
(-806 1 0.01)
(-805 1 0.01)
(-804 1 0.01)
(-803 1 0.01)
(-802 1 0.01)
(-801 1 0.01)
(-800 1 0.01)
(-799 1 0.01)
(-798 1 0.01)
(-797 1 0.01)
(-796 1 0.01)
(-795 1 0.01)
(-794 1 0.01)
(-793 1 0.01)
(-792 1 0.01)
(-791 1 0.01)
(-790 1 0.01)
(-789 1 0.01)
(-788 1 0.01)
(-787 1 0.01)
(-786 1 0.01)
(-785 1 0.01)
(-784 1 0.01)
(-783 1 0.01)
(-782 1 0.01)
(-781 1 0.01)
(-780 1 0.01)
(-779 1 0.01)
(-778 1 0.01)
(-777 1 0.01)
(-776 1 0.01)
(-775 1 0.01)
(-774 1 0.01)
(-773 1 0.01)
(-772 1 0.01)
(-771 1 0.01)
(-770 1 0.01)
(-769 1 0.01)
(-768 1 0.01)
(-767 1 0.01)
(-766 1 0.01)
(-765 1 0.01)
(-764 1 0.01)
(-763 1 0.01)
(-762 1 0.01)
(-761 1 0.01)
(-760 1 0.01)
(-759 1 0.01)
(-758 1 0.01)
(-757 1 0.01)
(-756 1 0.01)
(-755 1 0.01)
(-754 1 0.01)
(-753 1 0.01)
(-752 1 0.01)
(-751 1 0.01)
(-750 1 0.01)
(-749 1 0.01)
(-748 1 0.01)
(-747 1 0.01)
(-746 1 0.01)
(-745 1 0.01)
(-744 1 0.01)
(-743 1 0.01)
(-742 1 0.01)
(-741 1 0.01)
(-740 1 0.01)
(-739 1 0.01)
(-738 1 0.01)
(-737 1 0.01)
(-736 1 0.01)
(-735 1 0.01)
(-734 1 0.01)
(-733 1 0.01)
(-732 1 0.01)
(-731 1 0.01)
(-730 1 0.01)
(-729 1 0.01)
(-728 1 0.01)
(-727 1 0.01)
(-726 1 0.01)
(-725 1 0.01)
(-724 1 0.01)
(-723 1 0.01)
(-722 1 0.01)
(-721 1 0.01)
(-720 1 0.01)
(-719 1 0.01)
(-718 1 0.01)
(-717 1 0.01)
(-716 1 0.01)
(-715 1 0.01)
(-714 1 0.01)
(-713 1 0.01)
(-712 1 0.01)
(-711 1 0.01)
(-710 1 0.01)
(-709 1 0.01)
(-708 1 0.01)
(-707 1 0.01)
(-706 1 0.01)
(-705 1 0.01)
(-704 1 0.01)
(-703 1 0.01)
(-702 1 0.01)
(-701 1 0.01)
(-700 1 0.01)
(-699 1 0.01)
(-698 1 0.01)
(-697 1 0.01)
(-696 1 0.01)
(-695 1 0.01)
(-694 1 0.01)
(-693 1 0.01)
(-692 1 0.01)
(-691 1 0.01)
(-690 1 0.01)
(-689 1 0.01)
(-688 1 0.01)
(-687 1 0.01)
(-686 1 0.01)
(-685 1 0.01)
(-684 1 0.01)
(-683 1 0.01)
(-682 1 0.01)
(-681 1 0.01)
(-680 1 0.01)
(-679 1 0.01)
(-678 1 0.01)
(-677 1 0.01)
(-676 1 0.01)
(-675 1 0.01)
(-674 1 0.01)
(-673 1 0.01)
(-672 1 0.01)
(-671 1 0.01)
(-670 1 0.01)
(-669 1 0.01)
(-668 1 0.01)
(-667 1 0.01)
(-666 1 0.01)
(-665 1 0.01)
(-664 1 0.01)
(-663 1 0.01)
(-662 1 0.01)
(-661 1 0.01)
(-660 1 0.01)
(-659 1 0.01)
(-658 1 0.01)
(-657 1 0.01)
(-656 1 0.01)
(-655 1 0.01)
(-654 1 0.01)
(-653 1 0.01)
(-652 1 0.01)
(-651 1 0.01)
(-650 1 0.01)
(-649 1 0.01)
(-648 1 0.01)
(-647 1 0.01)
(-646 1 0.01)
(-645 1 0.01)
(-644 1 0.01)
(-643 1 0.01)
(-642 1 0.01)
(-641 1 0.01)
(-640 1 0.01)
(-639 1 0.01)
(-638 1 0.01)
(-637 1 0.01)
(-636 1 0.01)
(-635 1 0.01)
(-634 1 0.01)
(-633 1 0.01)
(-632 1 0.01)
(-631 1 0.01)
(-630 1 0.01)
(-629 1 0.01)
(-628 1 0.01)
(-627 1 0.01)
(-626 1 0.01)
(-625 1 0.01)
(-624 1 0.01)
(-623 1 0.01)
(-622 1 0.01)
(-621 1 0.01)
(-620 1 0.01)
(-619 1 0.01)
(-618 1 0.01)
(-617 1 0.01)
(-616 1 0.01)
(-615 1 0.01)
(-614 1 0.01)
(-613 1 0.01)
(-612 1 0.01)
(-611 1 0.01)
(-610 1 0.01)
(-609 1 0.01)
(-608 1 0.01)
(-607 1 0.01)
(-606 1 0.01)
(-605 1 0.01)
(-604 1 0.01)
(-603 1 0.01)
(-602 1 0.01)
(-601 1 0.01)
(-600 1 0.01)
(-599 1 0.01)
(-598 1 0.01)
(-597 1 0.01)
(-596 1 0.01)
(-595 1 0.01)
(-594 1 0.01)
(-593 1 0.01)
(-592 1 0.01)
(-591 1 0.01)
(-590 1 0.01)
(-589 1 0.01)
(-588 1 0.01)
(-587 1 0.01)
(-586 1 0.01)
(-585 1 0.01)
(-584 1 0.01)
(-583 1 0.01)
(-582 1 0.01)
(-581 1 0.01)
(-580 1 0.01)
(-579 1 0.01)
(-578 1 0.01)
(-577 1 0.01)
(-576 1 0.01)
(-575 1 0.01)
(-574 1 0.01)
(-573 1 0.01)
(-572 1 0.01)
(-571 1 0.01)
(-570 1 0.01)
(-569 1 0.01)
(-568 1 0.01)
(-567 1 0.01)
(-566 1 0.01)
(-565 1 0.01)
(-564 1 0.01)
(-563 1 0.01)
(-562 1 0.01)
(-561 1 0.01)
(-560 1 0.01)
(-559 1 0.01)
(-558 1 0.01)
(-557 1 0.01)
(-556 1 0.01)
(-555 1 0.01)
(-554 1 0.01)
(-553 1 0.01)
(-552 1 0.01)
(-551 1 0.01)
(-550 1 0.01)
(-549 1 0.01)
(-548 1 0.01)
(-547 1 0.01)
(-546 1 0.01)
(-545 1 0.01)
(-544 1 0.01)
(-543 1 0.01)
(-542 1 0.01)
(-541 1 0.01)
(-540 1 0.01)
(-539 1 0.01)
(-538 1 0.01)
(-537 1 0.01)
(-536 1 0.01)
(-535 1 0.01)
(-534 1 0.01)
(-533 1 0.01)
(-532 1 0.01)
(-531 1 0.01)
(-530 1 0.01)
(-529 1 0.01)
(-528 1 0.01)
(-527 1 0.01)
(-526 1 0.01)
(-525 1 0.01)
(-524 1 0.01)
(-523 1 0.01)
(-522 1 0.01)
(-521 1 0.01)
(-520 1 0.01)
(-519 1 0.01)
(-518 1 0.01)
(-517 1 0.01)
(-516 1 0.01)
(-515 1 0.01)
(-514 1 0.01)
(-513 1 0.01)
(-512 1 0.01)
(-511 1 0.01)
(-510 1 0.01)
(-509 1 0.01)
(-508 1 0.01)
(-507 1 0.01)
(-506 1 0.01)
(-505 1 0.01)
(-504 1 0.01)
(-503 1 0.01)
(-502 1 0.01)
(-501 1 0.01)
(-500 1 0.01)
(-499 1 0.01)
(-498 1 0.01)
(-497 1 0.01)
(-496 1 0.01)
(-495 1 0.01)
(-494 1 0.01)
(-493 1 0.01)
(-492 1 0.01)
(-491 1 0.01)
(-490 1 0.01)
(-489 1 0.01)
(-488 1 0.01)
(-487 1 0.01)
(-486 1 0.01)
(-485 1 0.01)
(-484 1 0.01)
(-483 1 0.01)
(-482 1 0.01)
(-481 1 0.01)
(-480 1 0.01)
(-479 1 0.01)
(-478 1 0.01)
(-477 1 0.01)
(-476 1 0.01)
(-475 1 0.01)
(-474 1 0.01)
(-473 1 0.01)
(-472 1 0.01)
(-471 1 0.01)
(-470 1 0.01)
(-469 1 0.01)
(-468 1 0.01)
(-467 1 0.01)
(-466 1 0.01)
(-465 1 0.01)
(-464 1 0.01)
(-463 1 0.01)
(-462 1 0.01)
(-461 1 0.01)
(-460 1 0.01)
(-459 1 0.01)
(-458 1 0.01)
(-457 1 0.01)
(-456 1 0.01)
(-455 1 0.01)
(-454 1 0.01)
(-453 1 0.01)
(-452 1 0.01)
(-451 1 0.01)
(-450 1 0.01)
(-449 1 0.01)
(-448 1 0.01)
(-447 1 0.01)
(-446 1 0.01)
(-445 1 0.01)
(-444 1 0.01)
(-443 1 0.01)
(-442 1 0.01)
(-441 1 0.01)
(-440 1 0.01)
(-439 1 0.01)
(-438 1 0.01)
(-437 1 0.01)
(-436 1 0.01)
(-435 1 0.01)
(-434 1 0.01)
(-433 1 0.01)
(-432 1 0.01)
(-431 1 0.01)
(-430 1 0.01)
(-429 1 0.01)
(-428 1 0.01)
(-427 1 0.01)
(-426 1 0.01)
(-425 1 0.01)
(-424 1 0.01)
(-423 1 0.01)
(-422 1 0.01)
(-421 1 0.01)
(-420 1 0.01)
(-419 1 0.01)
(-418 1 0.01)
(-417 1 0.01)
(-416 1 0.01)
(-415 1 0.01)
(-414 1 0.01)
(-413 1 0.01)
(-412 1 0.01)
(-411 1 0.01)
(-410 1 0.01)
(-409 1 0.01)
(-408 1 0.01)
(-407 1 0.01)
(-406 1 0.01)
(-405 1 0.01)
(-404 1 0.01)
(-403 1 0.01)
(-402 1 0.01)
(-401 1 0.01)
(-400 1 0.01)
(-399 1 0.01)
(-398 1 0.01)
(-397 1 0.01)
(-396 1 0.01)
(-395 1 0.01)
(-394 1 0.01)
(-393 1 0.01)
(-392 1 0.01)
(-391 1 0.01)
(-390 1 0.01)
(-389 1 0.01)
(-388 1 0.01)
(-387 1 0.01)
(-386 1 0.01)
(-385 1 0.01)
(-384 1 0.01)
(-383 1 0.01)
(-382 1 0.01)
(-381 1 0.01)
(-380 1 0.01)
(-379 1 0.01)
(-378 1 0.01)
(-377 1 0.01)
(-376 1 0.01)
(-375 1 0.01)
(-374 1 0.01)
(-373 1 0.01)
(-372 1 0.01)
(-371 1 0.01)
(-370 1 0.01)
(-369 1 0.01)
(-368 1 0.01)
(-367 1 0.01)
(-366 1 0.01)
(-365 1 0.01)
(-364 1 0.01)
(-363 1 0.01)
(-362 1 0.01)
(-361 1 0.01)
(-360 1 0.01)
(-359 1 0.01)
(-358 1 0.01)
(-357 1 0.01)
(-356 1 0.01)
(-355 1 0.01)
(-354 1 0.01)
(-353 1 0.01)
(-352 1 0.01)
(-351 1 0.01)
(-350 1 0.01)
(-349 1 0.01)
(-348 1 0.01)
(-347 1 0.01)
(-346 1 0.01)
(-345 1 0.01)
(-344 1 0.01)
(-343 1 0.01)
(-342 1 0.01)
(-341 1 0.01)
(-340 1 0.01)
(-339 1 0.01)
(-338 1 0.01)
(-337 1 0.01)
(-336 1 0.01)
(-335 1 0.01)
(-334 1 0.01)
(-333 1 0.01)
(-332 1 0.01)
(-331 1 0.01)
(-330 1 0.01)
(-329 1 0.01)
(-328 1 0.01)
(-327 1 0.01)
(-326 1 0.01)
(-325 1 0.01)
(-324 1 0.01)
(-323 1 0.01)
(-322 1 0.01)
(-321 1 0.01)
(-320 1 0.01)
(-319 1 0.01)
(-318 1 0.01)
(-317 1 0.01)
(-316 1 0.01)
(-315 1 0.01)
(-314 1 0.01)
(-313 1 0.01)
(-312 1 0.01)
(-311 1 0.01)
(-310 1 0.01)
(-309 1 0.01)
(-308 1 0.01)
(-307 1 0.01)
(-306 1 0.01)
(-305 1 0.01)
(-304 1 0.01)
(-303 1 0.01)
(-302 1 0.01)
(-301 1 0.01)
(-300 1 0.01)
(-299 1 0.01)
(-298 1 0.01)
(-297 1 0.01)
(-296 1 0.01)
(-295 1 0.01)
(-294 1 0.01)
(-293 1 0.01)
(-292 1 0.01)
(-291 1 0.01)
(-290 1 0.01)
(-289 1 0.01)
(-288 1 0.01)
(-287 1 0.01)
(-286 1 0.01)
(-285 1 0.01)
(-284 1 0.01)
(-283 1 0.01)
(-282 1 0.01)
(-281 1 0.01)
(-280 1 0.01)
(-279 1 0.01)
(-278 1 0.01)
(-277 1 0.01)
(-276 1 0.01)
(-275 1 0.01)
(-274 1 0.01)
(-273 1 0.01)
(-272 1 0.01)
(-271 1 0.01)
(-270 1 0.01)
(-269 1 0.01)
(-268 1 0.01)
(-267 1 0.01)
(-266 1 0.01)
(-265 1 0.01)
(-264 1 0.01)
(-263 1 0.01)
(-262 1 0.01)
(-261 1 0.01)
(-260 1 0.01)
(-259 1 0.01)
(-258 1 0.01)
(-257 1 0.01)
(-256 1 0.01)
(-255 1 0.01)
(-254 1 0.01)
(-253 1 0.01)
(-252 1 0.01)
(-251 1 0.01)
(-250 1 0.01)
(-249 1 0.01)
(-248 1 0.01)
(-247 1 0.01)
(-246 1 0.01)
(-245 1 0.01)
(-244 1 0.01)
(-243 1 0.01)
(-242 1 0.01)
(-241 1 0.01)
(-240 1 0.01)
(-239 1 0.01)
(-238 1 0.01)
(-237 1 0.01)
(-236 1 0.01)
(-235 1 0.01)
(-234 1 0.01)
(-233 1 0.01)
(-232 1 0.01)
(-231 1 0.01)
(-230 1 0.01)
(-229 1 0.01)
(-228 1 0.01)
(-227 1 0.01)
(-226 1 0.01)
(-225 1 0.01)
(-224 1 0.01)
(-223 1 0.01)
(-222 1 0.01)
(-221 1 0.01)
(-220 1 0.01)
(-219 1 0.01)
(-218 1 0.01)
(-217 1 0.01)
(-216 1 0.01)
(-215 1 0.01)
(-214 1 0.01)
(-213 1 0.01)
(-212 1 0.01)
(-211 1 0.01)
(-210 1 0.01)
(-209 1 0.01)
(-208 1 0.01)
(-207 1 0.01)
(-206 1 0.01)
(-205 1 0.01)
(-204 1 0.01)
(-203 1 0.01)
(-202 1 0.01)
(-201 1 0.01)
(-200 1 0.01)
(-199 1 0.01)
(-198 1 0.01)
(-197 1 0.01)
(-196 1 0.01)
(-195 1 0.01)
(-194 1 0.01)
(-193 1 0.01)
(-192 1 0.01)
(-191 1 0.01)
(-190 1 0.01)
(-189 1 0.01)
(-188 1 0.01)
(-187 1 0.01)
(-186 1 0.01)
(-185 1 0.01)
(-184 1 0.01)
(-183 1 0.01)
(-182 1 0.01)
(-181 1 0.01)
(-180 1 0.01)
(-179 1 0.01)
(-178 1 0.01)
(-177 1 0.01)
(-176 1 0.01)
(-175 1 0.01)
(-174 1 0.01)
(-173 1 0.01)
(-172 1 0.01)
(-171 1 0.01)
(-170 1 0.01)
(-169 1 0.01)
(-168 1 0.01)
(-167 1 0.01)
(-166 1 0.01)
(-165 1 0.01)
(-164 1 0.01)
(-163 1 0.01)
(-162 1 0.01)
(-161 1 0.01)
(-160 1 0.01)
(-159 1 0.01)
(-158 1 0.01)
(-157 1 0.01)
(-156 1 0.01)
(-155 1 0.01)
(-154 1 0.01)
(-153 1 0.01)
(-152 1 0.01)
(-151 1 0.01)
(-150 1 0.01)
(-149 1 0.01)
(-148 1 0.01)
(-147 1 0.01)
(-146 1 0.01)
(-145 1 0.01)
(-144 1 0.01)
(-143 1 0.01)
(-142 1 0.01)
(-141 1 0.01)
(-140 1 0.01)
(-139 1 0.01)
(-138 1 0.01)
(-137 1 0.01)
(-136 1 0.01)
(-135 1 0.01)
(-134 1 0.01)
(-133 1 0.01)
(-132 1 0.01)
(-131 1 0.01)
(-130 1 0.01)
(-129 1 0.01)
(-128 1 0.01)
(-127 1 0.01)
(-126 1 0.01)
(-125 1 0.01)
(-124 1 0.01)
(-123 1 0.01)
(-122 1 0.01)
(-121 1 0.01)
(-120 1 0.01)
(-119 1 0.01)
(-118 1 0.01)
(-117 1 0.01)
(-116 1 0.01)
(-115 1 0.01)
(-114 1 0.01)
(-113 1 0.01)
(-112 1 0.01)
(-111 1 0.01)
(-110 1 0.01)
(-109 1 0.01)
(-108 1 0.01)
(-107 1 0.01)
(-106 1 0.01)
(-105 1 0.01)
(-104 1 0.01)
(-103 1 0.01)
(-102 1 0.01)
(-101 1 0.01)
(-100 1 0.01)
(-99 1 0.01)
(-98 1 0.01)
(-97 1 0.01)
(-96 1 0.01)
(-95 1 0.01)
(-94 1 0.01)
(-93 1 0.01)
(-92 1 0.01)
(-91 1 0.01)
(-90 1 0.01)
(-89 1 0.01)
(-88 1 0.01)
(-87 1 0.01)
(-86 1 0.01)
(-85 1 0.01)
(-84 1 0.01)
(-83 1 0.01)
(-82 1 0.01)
(-81 1 0.01)
(-80 1 0.01)
(-79 1 0.01)
(-78 1 0.01)
(-77 1 0.01)
(-76 1 0.01)
(-75 1 0.01)
(-74 1 0.01)
(-73 1 0.01)
(-72 1 0.01)
(-71 1 0.01)
(-70 1 0.01)
(-69 1 0.01)
(-68 1 0.01)
(-67 1 0.01)
(-66 1 0.01)
(-65 1 0.01)
(-64 1 0.01)
(-63 1 0.01)
(-62 1 0.01)
(-61 1 0.01)
(-60 1 0.01)
(-59 1 0.01)
(-58 1 0.01)
(-57 1 0.01)
(-56 1 0.01)
(-55 1 0.01)
(-54 1 0.01)
(-53 1 0.01)
(-52 1 0.01)
(-51 1 0.01)
(-50 1 0.01)
(-49 1 0.01)
(-48 1 0.01)
(-47 1 0.01)
(-46 1 0.01)
(-45 1 0.01)
(-44 1 0.01)
(-43 1 0.01)
(-42 1 0.01)
(-41 1 0.01)
(-40 1 0.01)
(-39 1 0.01)
(-38 1 0.01)
(-37 1 0.01)
(-36 1 0.01)
(-35 1 0.01)
(-34 1 0.01)
(-33 1 0.01)
(-32 1 0.01)
(-31 1 0.01)
(-30 1 0.01)
(-29 1 0.01)
(-28 1 0.01)
(-27 1 0.01)
(-26 1 0.01)
(-25 1 0.01)
(-24 1 0.01)
(-23 1 0.01)
(-22 1 0.01)
(-21 1 0.01)
(-20 1 0.01)
(-19 1 0.01)
(-18 1 0.01)
(-17 1 0.01)
(-16 1 0.01)
(-15 1 0.01)
(-14 1 0.01)
(-13 1 0.01)
(-12 1 0.01)
(-11 1 0.01)
(-10 1 0.01)
(-9 1 0.01)
(-8 1 0.01)
(-7 1 0.01)
(-6 1 0.01)
(-5 1 0.01)
(-4 1 0.01)
(-3 1 0.01)
(-2 1 0.01)
(-1 1 0.01)
(0 1 0.01)
(1 1 0.01)
(2 1 0.01)
(3 1 0.01)
(4 1 0.01)
(5 1 0.01)
(6 1 0.01)
(7 1 0.01)
(8 1 0.01)
(9 1 0.01)
(10 1 0.01)
(11 1 0.01)
(12 1 0.01)
(13 1 0.01)
(14 1 0.01)
(15 1 0.01)
(16 1 0.01)
(17 1 0.01)
(18 1 0.01)
(19 1 0.01)
(20 1 0.01)
(21 1 0.01)
(22 1 0.01)
(23 1 0.01)
(24 1 0.01)
(25 1 0.01)
(26 1 0.01)
(27 1 0.01)
(28 1 0.01)
(29 1 0.01)
(30 1 0.01)
(31 1 0.01)
(32 1 0.01)
(33 1 0.01)
(34 1 0.01)
(35 1 0.01)
(36 1 0.01)
(37 1 0.01)
(38 1 0.01)
(39 1 0.01)
(40 1 0.01)
(41 1 0.01)
(42 1 0.01)
(43 1 0.01)
(44 1 0.01)
(45 1 0.01)
(46 1 0.01)
(47 1 0.01)
(48 1 0.01)
(49 1 0.01)
(50 1 0.01)
(51 1 0.01)
(52 1 0.01)
(53 1 0.01)
(54 1 0.01)
(55 1 0.01)
(56 1 0.01)
(57 1 0.01)
(58 1 0.01)
(59 1 0.01)
(60 1 0.01)
(61 1 0.01)
(62 1 0.01)
(63 1 0.01)
(64 1 0.01)
(65 1 0.01)
(66 1 0.01)
(67 1 0.01)
(68 1 0.01)
(69 1 0.01)
(70 1 0.01)
(71 1 0.01)
(72 1 0.01)
(73 1 0.01)
(74 1 0.01)
(75 1 0.01)
(76 1 0.01)
(77 1 0.01)
(78 1 0.01)
(79 1 0.01)
(80 1 0.01)
(81 1 0.01)
(82 1 0.01)
(83 1 0.01)
(84 1 0.01)
(85 1 0.01)
(86 1 0.01)
(87 1 0.01)
(88 1 0.01)
(89 1 0.01)
(90 1 0.01)
(91 1 0.01)
(92 1 0.01)
(93 1 0.01)
(94 1 0.01)
(95 1 0.01)
(96 1 0.01)
(97 1 0.01)
(98 1 0.01)
(99 1 0.01)
(100 1 0.01)
(101 1 0.01)
(102 1 0.01)
(103 1 0.01)
(104 1 0.01)
(105 1 0.01)
(106 1 0.01)
(107 1 0.01)
(108 1 0.01)
(109 1 0.01)
(110 1 0.01)
(111 1 0.01)
(112 1 0.01)
(113 1 0.01)
(114 1 0.01)
(115 1 0.01)
(116 1 0.01)
(117 1 0.01)
(118 1 0.01)
(119 1 0.01)
(120 1 0.01)
(121 1 0.01)
(122 1 0.01)
(123 1 0.01)
(124 1 0.01)
(125 1 0.01)
(126 1 0.01)
(127 1 0.01)
(128 1 0.01)
(129 1 0.01)
(130 1 0.01)
(131 1 0.01)
(132 1 0.01)
(133 1 0.01)
(134 1 0.01)
(135 1 0.01)
(136 1 0.01)
(137 1 0.01)
(138 1 0.01)
(139 1 0.01)
(140 1 0.01)
(141 1 0.01)
(142 1 0.01)
(143 1 0.01)
(144 1 0.01)
(145 1 0.01)
(146 1 0.01)
(147 1 0.01)
(148 1 0.01)
(149 1 0.01)
(150 1 0.01)
(151 1 0.01)
(152 1 0.01)
(153 1 0.01)
(154 1 0.01)
(155 1 0.01)
(156 1 0.01)
(157 1 0.01)
(158 1 0.01)
(159 1 0.01)
(160 1 0.01)
(161 1 0.01)
(162 1 0.01)
(163 1 0.01)
(164 1 0.01)
(165 1 0.01)
(166 1 0.01)
(167 1 0.01)
(168 1 0.01)
(169 1 0.01)
(170 1 0.01)
(171 1 0.01)
(172 1 0.01)
(173 1 0.01)
(174 1 0.01)
(175 1 0.01)
(176 1 0.01)
(177 1 0.01)
(178 1 0.01)
(179 1 0.01)
(180 1 0.01)
(181 1 0.01)
(182 1 0.01)
(183 1 0.01)
(184 1 0.01)
(185 1 0.01)
(186 1 0.01)
(187 1 0.01)
(188 1 0.01)
(189 1 0.01)
(190 1 0.01)
(191 1 0.01)
(192 1 0.01)
(193 1 0.01)
(194 1 0.01)
(195 1 0.01)
(196 1 0.01)
(197 1 0.01)
(198 1 0.01)
(199 1 0.01)
(200 1 0.01)
(201 1 0.01)
(202 1 0.01)
(203 1 0.01)
(204 1 0.01)
(205 1 0.01)
(206 1 0.01)
(207 1 0.01)
(208 1 0.01)
(209 1 0.01)
(210 1 0.01)
(211 1 0.01)
(212 1 0.01)
(213 1 0.01)
(214 1 0.01)
(215 1 0.01)
(216 1 0.01)
(217 1 0.01)
(218 1 0.01)
(219 1 0.01)
(220 1 0.01)
(221 1 0.01)
(222 1 0.01)
(223 1 0.01)
(224 1 0.01)
(225 1 0.01)
(226 1 0.01)
(227 1 0.01)
(228 1 0.01)
(229 1 0.01)
(230 1 0.01)
(231 1 0.01)
(232 1 0.01)
(233 1 0.01)
(234 1 0.01)
(235 1 0.01)
(236 1 0.01)
(237 1 0.01)
(238 1 0.01)
(239 1 0.01)
(240 1 0.01)
(241 1 0.01)
(242 1 0.01)
(243 1 0.01)
(244 1 0.01)
(245 1 0.01)
(246 1 0.01)
(247 1 0.01)
(248 1 0.01)
(249 1 0.01)
(250 1 0.01)
(251 1 0.01)
(252 1 0.01)
(253 1 0.01)
(254 1 0.01)
(255 1 0.01)
(256 1 0.01)
(257 1 0.01)
(258 1 0.01)
(259 1 0.01)
(260 1 0.01)
(261 1 0.01)
(262 1 0.01)
(263 1 0.01)
(264 1 0.01)
(265 1 0.01)
(266 1 0.01)
(267 1 0.01)
(268 1 0.01)
(269 1 0.01)
(270 1 0.01)
(271 1 0.01)
(272 1 0.01)
(273 1 0.01)
(274 1 0.01)
(275 1 0.01)
(276 1 0.01)
(277 1 0.01)
(278 1 0.01)
(279 1 0.01)
(280 1 0.01)
(281 1 0.01)
(282 1 0.01)
(283 1 0.01)
(284 1 0.01)
(285 1 0.01)
(286 1 0.01)
(287 1 0.01)
(288 1 0.01)
(289 1 0.01)
(290 1 0.01)
(291 1 0.01)
(292 1 0.01)
(293 1 0.01)
(294 1 0.01)
(295 1 0.01)
(296 1 0.01)
(297 1 0.01)
(298 1 0.01)
(299 1 0.01)
(300 1 0.01)
(301 1 0.01)
(302 1 0.01)
(303 1 0.01)
(304 1 0.01)
(305 1 0.01)
(306 1 0.01)
(307 1 0.01)
(308 1 0.01)
(309 1 0.01)
(310 1 0.01)
(311 1 0.01)
(312 1 0.01)
(313 1 0.01)
(314 1 0.01)
(315 1 0.01)
(316 1 0.01)
(317 1 0.01)
(318 1 0.01)
(319 1 0.01)
(320 1 0.01)
(321 1 0.01)
(322 1 0.01)
(323 1 0.01)
(324 1 0.01)
(325 1 0.01)
(326 1 0.01)
(327 1 0.01)
(328 1 0.01)
(329 1 0.01)
(330 1 0.01)
(331 1 0.01)
(332 1 0.01)
(333 1 0.01)
(334 1 0.01)
(335 1 0.01)
(336 1 0.01)
(337 1 0.01)
(338 1 0.01)
(339 1 0.01)
(340 1 0.01)
(341 1 0.01)
(342 1 0.01)
(343 1 0.01)
(344 1 0.01)
(345 1 0.01)
(346 1 0.01)
(347 1 0.01)
(348 1 0.01)
(349 1 0.01)
(350 1 0.01)
(351 1 0.01)
(352 1 0.01)
(353 1 0.01)
(354 1 0.01)
(355 1 0.01)
(356 1 0.01)
(357 1 0.01)
(358 1 0.01)
(359 1 0.01)
(360 1 0.01)
(361 1 0.01)
(362 1 0.01)
(363 1 0.01)
(364 1 0.01)
(365 1 0.01)
(366 1 0.01)
(367 1 0.01)
(368 1 0.01)
(369 1 0.01)
(370 1 0.01)
(371 1 0.01)
(372 1 0.01)
(373 1 0.01)
(374 1 0.01)
(375 1 0.01)
(376 1 0.01)
(377 1 0.01)
(378 1 0.01)
(379 1 0.01)
(380 1 0.01)
(381 1 0.01)
(382 1 0.01)
(383 1 0.01)
(384 1 0.01)
(385 1 0.01)
(386 1 0.01)
(387 1 0.01)
(388 1 0.01)
(389 1 0.01)
(390 1 0.01)
(391 1 0.01)
(392 1 0.01)
(393 1 0.01)
(394 1 0.01)
(395 1 0.01)
(396 1 0.01)
(397 1 0.01)
(398 1 0.01)
(399 1 0.01)
(400 1 0.01)
(401 1 0.01)
(402 1 0.01)
(403 1 0.01)
(404 1 0.01)
(405 1 0.01)
(406 1 0.01)
(407 1 0.01)
(408 1 0.01)
(409 1 0.01)
(410 1 0.01)
(411 1 0.01)
(412 1 0.01)
(413 1 0.01)
(414 1 0.01)
(415 1 0.01)
(416 1 0.01)
(417 1 0.01)
(418 1 0.01)
(419 1 0.01)
(420 1 0.01)
(421 1 0.01)
(422 1 0.01)
(423 1 0.01)
(424 1 0.01)
(425 1 0.01)
(426 1 0.01)
(427 1 0.01)
(428 1 0.01)
(429 1 0.01)
(430 1 0.01)
(431 1 0.01)
(432 1 0.01)
(433 1 0.01)
(434 1 0.01)
(435 1 0.01)
(436 1 0.01)
(437 1 0.01)
(438 1 0.01)
(439 1 0.01)
(440 1 0.01)
(441 1 0.01)
(442 1 0.01)
(443 1 0.01)
(444 1 0.01)
(445 1 0.01)
(446 1 0.01)
(447 1 0.01)
(448 1 0.01)
(449 1 0.01)
(450 1 0.01)
(451 1 0.01)
(452 1 0.01)
(453 1 0.01)
(454 1 0.01)
(455 1 0.01)
(456 1 0.01)
(457 1 0.01)
(458 1 0.01)
(459 1 0.01)
(460 1 0.01)
(461 1 0.01)
(462 1 0.01)
(463 1 0.01)
(464 1 0.01)
(465 1 0.01)
(466 1 0.01)
(467 1 0.01)
(468 1 0.01)
(469 1 0.01)
(470 1 0.01)
(471 1 0.01)
(472 1 0.01)
(473 1 0.01)
(474 1 0.01)
(475 1 0.01)
(476 1 0.01)
(477 1 0.01)
(478 1 0.01)
(479 1 0.01)
(480 1 0.01)
(481 1 0.01)
(482 1 0.01)
(483 1 0.01)
(484 1 0.01)
(485 1 0.01)
(486 1 0.01)
(487 1 0.01)
(488 1 0.01)
(489 1 0.01)
(490 1 0.01)
(491 1 0.01)
(492 1 0.01)
(493 1 0.01)
(494 1 0.01)
(495 1 0.01)
(496 1 0.01)
(497 1 0.01)
(498 1 0.01)
(499 1 0.01)
(500 1 0.01)
(501 1 0.01)
(502 1 0.01)
(503 1 0.01)
(504 1 0.01)
(505 1 0.01)
(506 1 0.01)
(507 1 0.01)
(508 1 0.01)
(509 1 0.01)
(510 1 0.01)
(511 1 0.01)
(512 1 0.01)
(513 1 0.01)
(514 1 0.01)
(515 1 0.01)
(516 1 0.01)
(517 1 0.01)
(518 1 0.01)
(519 1 0.01)
(520 1 0.01)
(521 1 0.01)
(522 1 0.01)
(523 1 0.01)
(524 1 0.01)
(525 1 0.01)
(526 1 0.01)
(527 1 0.01)
(528 1 0.01)
(529 1 0.01)
(530 1 0.01)
(531 1 0.01)
(532 1 0.01)
(533 1 0.01)
(534 1 0.01)
(535 1 0.01)
(536 1 0.01)
(537 1 0.01)
(538 1 0.01)
(539 1 0.01)
(540 1 0.01)
(541 1 0.01)
(542 1 0.01)
(543 1 0.01)
(544 1 0.01)
(545 1 0.01)
(546 1 0.01)
(547 1 0.01)
(548 1 0.01)
(549 1 0.01)
(550 1 0.01)
(551 1 0.01)
(552 1 0.01)
(553 1 0.01)
(554 1 0.01)
(555 1 0.01)
(556 1 0.01)
(557 1 0.01)
(558 1 0.01)
(559 1 0.01)
(560 1 0.01)
(561 1 0.01)
(562 1 0.01)
(563 1 0.01)
(564 1 0.01)
(565 1 0.01)
(566 1 0.01)
(567 1 0.01)
(568 1 0.01)
(569 1 0.01)
(570 1 0.01)
(571 1 0.01)
(572 1 0.01)
(573 1 0.01)
(574 1 0.01)
(575 1 0.01)
(576 1 0.01)
(577 1 0.01)
(578 1 0.01)
(579 1 0.01)
(580 1 0.01)
(581 1 0.01)
(582 1 0.01)
(583 1 0.01)
(584 1 0.01)
(585 1 0.01)
(586 1 0.01)
(587 1 0.01)
(588 1 0.01)
(589 1 0.01)
(590 1 0.01)
(591 1 0.01)
(592 1 0.01)
(593 1 0.01)
(594 1 0.01)
(595 1 0.01)
(596 1 0.01)
(597 1 0.01)
(598 1 0.01)
(599 1 0.01)
(600 1 0.01)
(601 1 0.01)
(602 1 0.01)
(603 1 0.01)
(604 1 0.01)
(605 1 0.01)
(606 1 0.01)
(607 1 0.01)
(608 1 0.01)
(609 1 0.01)
(610 1 0.01)
(611 1 0.01)
(612 1 0.01)
(613 1 0.01)
(614 1 0.01)
(615 1 0.01)
(616 1 0.01)
(617 1 0.01)
(618 1 0.01)
(619 1 0.01)
(620 1 0.01)
(621 1 0.01)
(622 1 0.01)
(623 1 0.01)
(624 1 0.01)
(625 1 0.01)
(626 1 0.01)
(627 1 0.01)
(628 1 0.01)
(629 1 0.01)
(630 1 0.01)
(631 1 0.01)
(632 1 0.01)
(633 1 0.01)
(634 1 0.01)
(635 1 0.01)
(636 1 0.01)
(637 1 0.01)
(638 1 0.01)
(639 1 0.01)
(640 1 0.01)
(641 1 0.01)
(642 1 0.01)
(643 1 0.01)
(644 1 0.01)
(645 1 0.01)
(646 1 0.01)
(647 1 0.01)
(648 1 0.01)
(649 1 0.01)
(650 1 0.01)
(651 1 0.01)
(652 1 0.01)
(653 1 0.01)
(654 1 0.01)
(655 1 0.01)
(656 1 0.01)
(657 1 0.01)
(658 1 0.01)
(659 1 0.01)
(660 1 0.01)
(661 1 0.01)
(662 1 0.01)
(663 1 0.01)
(664 1 0.01)
(665 1 0.01)
(666 1 0.01)
(667 1 0.01)
(668 1 0.01)
(669 1 0.01)
(670 1 0.01)
(671 1 0.01)
(672 1 0.01)
(673 1 0.01)
(674 1 0.01)
(675 1 0.01)
(676 1 0.01)
(677 1 0.01)
(678 1 0.01)
(679 1 0.01)
(680 1 0.01)
(681 1 0.01)
(682 1 0.01)
(683 1 0.01)
(684 1 0.01)
(685 1 0.01)
(686 1 0.01)
(687 1 0.01)
(688 1 0.01)
(689 1 0.01)
(690 1 0.01)
(691 1 0.01)
(692 1 0.01)
(693 1 0.01)
(694 1 0.01)
(695 1 0.01)
(696 1 0.01)
(697 1 0.01)
(698 1 0.01)
(699 1 0.01)
(700 1 0.01)
(701 1 0.01)
(702 1 0.01)
(703 1 0.01)
(704 1 0.01)
(705 1 0.01)
(706 1 0.01)
(707 1 0.01)
(708 1 0.01)
(709 1 0.01)
(710 1 0.01)
(711 1 0.01)
(712 1 0.01)
(713 1 0.01)
(714 1 0.01)
(715 1 0.01)
(716 1 0.01)
(717 1 0.01)
(718 1 0.01)
(719 1 0.01)
(720 1 0.01)
(721 1 0.01)
(722 1 0.01)
(723 1 0.01)
(724 1 0.01)
(725 1 0.01)
(726 1 0.01)
(727 1 0.01)
(728 1 0.01)
(729 1 0.01)
(730 1 0.01)
(731 1 0.01)
(732 1 0.01)
(733 1 0.01)
(734 1 0.01)
(735 1 0.01)
(736 1 0.01)
(737 1 0.01)
(738 1 0.01)
(739 1 0.01)
(740 1 0.01)
(741 1 0.01)
(742 1 0.01)
(743 1 0.01)
(744 1 0.01)
(745 1 0.01)
(746 1 0.01)
(747 1 0.01)
(748 1 0.01)
(749 1 0.01)
(750 1 0.01)
(751 1 0.01)
(752 1 0.01)
(753 1 0.01)
(754 1 0.01)
(755 1 0.01)
(756 1 0.01)
(757 1 0.01)
(758 1 0.01)
(759 1 0.01)
(760 1 0.01)
(761 1 0.01)
(762 1 0.01)
(763 1 0.01)
(764 1 0.01)
(765 1 0.01)
(766 1 0.01)
(767 1 0.01)
(768 1 0.01)
(769 1 0.01)
(770 1 0.01)
(771 1 0.01)
(772 1 0.01)
(773 1 0.01)
(774 1 0.01)
(775 1 0.01)
(776 1 0.01)
(777 1 0.01)
(778 1 0.01)
(779 1 0.01)
(780 1 0.01)
(781 1 0.01)
(782 1 0.01)
(783 1 0.01)
(784 1 0.01)
(785 1 0.01)
(786 1 0.01)
(787 1 0.01)
(788 1 0.01)
(789 1 0.01)
(790 1 0.01)
(791 1 0.01)
(792 1 0.01)
(793 1 0.01)
(794 1 0.01)
(795 1 0.01)
(796 1 0.01)
(797 1 0.01)
(798 1 0.01)
(799 1 0.01)
(800 1 0.01)
(801 1 0.01)
(802 1 0.01)
(803 1 0.01)
(804 1 0.01)
(805 1 0.01)
(806 1 0.01)
(807 1 0.01)
(808 1 0.01)
(809 1 0.01)
(810 1 0.01)
(811 1 0.01)
(812 1 0.01)
(813 1 0.01)
(814 1 0.01)
(815 1 0.01)
(816 1 0.01)
(817 1 0.01)
(818 1 0.01)
(819 1 0.01)
(820 1 0.01)
(821 1 0.01)
(822 1 0.01)
(823 1 0.01)
(824 1 0.01)
(825 1 0.01)
(826 1 0.01)
(827 1 0.01)
(828 1 0.01)
(829 1 0.01)
(830 1 0.01)
(831 1 0.01)
(832 1 0.01)
(833 1 0.01)
(834 1 0.01)
(835 1 0.01)
(836 1 0.01)
(837 1 0.01)
(838 1 0.01)
(839 1 0.01)
(840 1 0.01)
(841 1 0.01)
(842 1 0.01)
(843 1 0.01)
(844 1 0.01)
(845 1 0.01)
(846 1 0.01)
(847 1 0.01)
(848 1 0.01)
(849 1 0.01)
(850 1 0.01)
(851 1 0.01)
(852 1 0.01)
(853 1 0.01)
(854 1 0.01)
(855 1 0.01)
(856 1 0.01)
(857 1 0.01)
(858 1 0.01)
(859 1 0.01)
(860 1 0.01)
(861 1 0.01)
(862 1 0.01)
(863 1 0.01)
(864 1 0.01)
(865 1 0.01)
(866 1 0.01)
(867 1 0.01)
(868 1 0.01)
(869 1 0.01)
(870 1 0.01)
(871 1 0.01)
(872 1 0.01)
(873 1 0.01)
(874 1 0.01)
(875 1 0.01)
(876 1 0.01)
(877 1 0.01)
(878 1 0.01)
(879 1 0.01)
(880 1 0.01)
(881 1 0.01)
(882 1 0.01)
(883 1 0.01)
(884 1 0.01)
(885 1 0.01)
(886 1 0.01)
(887 1 0.01)
(888 1 0.01)
(889 1 0.01)
(890 1 0.01)
(891 1 0.01)
(892 1 0.01)
(893 1 0.01)
(894 1 0.01)
(895 1 0.01)
(896 1 0.01)
(897 1 0.01)
(898 1 0.01)
(899 1 0.01)
(900 1 0.01)
(901 1 0.01)
(902 1 0.01)
(903 1 0.01)
(904 1 0.01)
(905 1 0.01)
(906 1 0.01)
(907 1 0.01)
(908 1 0.01)
(909 1 0.01)
(910 1 0.01)
(911 1 0.01)
(912 1 0.01)
(913 1 0.01)
(914 1 0.01)
(915 1 0.01)
(916 1 0.01)
(917 1 0.01)
(918 1 0.01)
(919 1 0.01)
(920 1 0.01)
(921 1 0.01)
(922 1 0.01)
(923 1 0.01)
(924 1 0.01)
(925 1 0.01)
(926 1 0.01)
(927 1 0.01)
(928 1 0.01)
(929 1 0.01)
(930 1 0.01)
(931 1 0.01)
(932 1 0.01)
(933 1 0.01)
(934 1 0.01)
(935 1 0.01)
(936 1 0.01)
(937 1 0.01)
(938 1 0.01)
(939 1 0.01)
(940 1 0.01)
(941 1 0.01)
(942 1 0.01)
(943 1 0.01)
(944 1 0.01)
(945 1 0.01)
(946 1 0.01)
(947 1 0.01)
(948 1 0.01)
(949 1 0.01)
(950 1 0.01)
(951 1 0.01)
(952 1 0.01)
(953 1 0.01)
(954 1 0.01)
(955 1 0.01)
(956 1 0.01)
(957 1 0.01)
(958 1 0.01)
(959 1 0.01)
(960 1 0.01)
(961 1 0.01)
(962 1 0.01)
(963 1 0.01)
(964 1 0.01)
(965 1 0.01)
(966 1 0.01)
(967 1 0.01)
(968 1 0.01)
(969 1 0.01)
(970 1 0.01)
(971 1 0.01)
(972 1 0.01)
(973 1 0.01)
(974 1 0.01)
(975 1 0.01)
(976 1 0.01)
(977 1 0.01)
(978 1 0.01)
(979 1 0.01)
(980 1 0.01)
(981 1 0.01)
(982 1 0.01)
(983 1 0.01)
(984 1 0.01)
(985 1 0.01)
(986 1 0.01)
(987 1 0.01)
(988 1 0.01)
(989 1 0.01)
(990 1 0.01)
(991 1 0.01)
(992 1 0.01)
(993 1 0.01)
(994 1 0.01)
(995 1 0.01)
(996 1 0.01)
(997 1 0.01)
(998 1 0.01)
(999 1 0.01)
(1000 1 0.01)
)


// ************************************************************************* //
